30.53
17.05
24.25
25.59
34.2
38.68
45.13
41.34
43.94
28.73
52.64
35.79
30.88
31.98
23.29
26.04
33.82
20.65
15.55
10.26
25.95
20.95
10.98
24.13
28.75
30.22
38.22
30.06
27.18
8.64
12.46
29.15
16.36
17.65
19.44
5.94
12.5
6.06
8.66
14.97
14.66
15.56
12.81
23.5
19.18
24.84
16.68
10.27
11.42
13.8
15.04
38.89
42.61
26.77
37.77
24.19
30.65
33.91
34.4
33.08
31.54
31.77
27.7
28.83
27.9
31.32
34.63
32.38
25.55
25.31
30.13
43.36
22.87
17.87
33.06
40
39.23
31.03
19.51
33.03
31.07
26.36
33.4
27.63
25.72
25.45
40.2
26.32
15.58
17.82
6.45
10.8
7.1
2.26
3.25
7.82
7.21
5.87
15.68
11.07
9.63
13.46
7.98
10.66
14.25
10.46
13.4
9.73
23.78
21.03
27.65
25.98
20.41
23.64
24.58
26.18
24.11
26.1
29.76
32.77
30.53
34.39
34.75
29.62
31.71
27.88
26.26
33.93
13.12
7.19
5.42
6.83
13.1
13.98
1.64
11.75
10.82
11.51
15.08
11.48
2.87
3.33
3.07
4.49
28.83
29.41
22.68
22.25
19.15
20.76
18.1
23.3
25.35
24.3
32.25
30.27
23.38
27.19
21.55
27.63
26.09
33.55
30.23
34.03
31.65
25.57
29.91
39.62
21.01
41.46
24.59
43.81
23.77
27.06
24.91
41.5
34.76
17.07
33.58
13.28
21.74
24.22
20.85
27.07
23.22
15.98
28.99
8.91
11.49
10.27
22.93
12
13.09
2.11
4.71
13.17
7.89
12.74
13.07
21.38
13.57
0.58
18.21
7.32
10.34
14.86
11.3
10.76
6.05
11.55
9.11
20.37
15.59
18.78
34.41
31.98
36.83
30.69
22.58
25.59
39.21
40.05
33.35
36.12
34.22
33.17
22.6
29.18
22.95
34.03
27.5
29.1
38.63
29.6
34.37
27.68
30.36
31.78
40.81
31.1
35.92
28.38
37.59
40.15
35.77
35.7
28.74
36.02
33.17
29.82
29.69
35.19
38.78
12.85
18.18
23.08
18
17.3
10.25
8.22
9.4
23.16
13.81
5.34
7.49
13.79
22.23
10.48
26.43
17.21
15.74
19.46
44.56
24.49
23.45
29.87
31.71
45.41
31.2
24.51
30.13
37.99
36.24
26.6
27.25
31.18
28.31
31.09
10.68
15.14
29.56
19.11
10.63
14.54
12.31
17.38
5.45
7.67
13.45
24.03
19.84
12.92
15.29
19.68
20.91
23.12
25.49
22.47
18.31
8.85
3.69
11.86
6.68
7.63
12.56
14.92
16.44
12.06
18.07
22.95
18.68
6.93
10.36
13.96
13.23
21.09
16.49
15.89
13.36
41.74
35.25
29.94
23.26
31.43
22.11
24.71
23.39
22.79
12.54
23.45
17.73
17.84
29.13
36.09
40.16
40.36
10.34
13.31
4.39
15.17
13.61
15.86
11.38
17.39
4.78
22.53
16.99
18.21
14.85
15.52
18.99
16.24
12.89
14.23
11.7
15.32
16.84
23.24
21.13
19.4
23.11
17.98
22.4
23.41
18.68
14.18
22.2
17.82
17.05
18.5
19.44
9.42
18.5
17.81
15.74
15.43
12.64
13.13
9.86
9.76
12.64
8.17
14.72
13.6
19.05
21.54
22.25
14.86
18.76
18.22
21.38
17.97
20.95
16.45
17.93
14.35
33.43
27.49
35.8
34.52
35.58
37.95
39.1
32.5
29.01
33.57
31.21
32.41
30.26
33.95
33.89
36.82
42.55
46.57
37.71
38.94
24.67
29.85
17.5
19.67
19.69
23.88
13.85
21.92
25.55
17.01
22.3
25.77
16.75
28.45
15.75
26.23
26.26
12.25
26.09
30.44
13.81
13.39
16.75
23.99
19.1
27.36
11.94
15.82
36.65
21.94
18.98
20.12
16.67
35.03
27.33
33.62
24.39
26.3
22.72
23.05
13.53
8.9
11.03
21.63
13.09
25.92
17.49
25.02
27.12
18.32
31.79
31.92
24.28
24.88
28.23
26.15
21.81
23.14
27.39
24.81
21.92
29.64
21.62
27.05
25.38
25.76
26.31
28.89
27.68
32.29
27.07
26
18.27
36.87
40.34
25.68
31.82
24.04
32.15
26.09
21.68
30.95
28.76
32.5
37.49
23.86
26.7
29.13
28.67
29.46
30.58
23.27
32.67
6.76
6.76
6.88
6.12
5.74
1.3
3.29
4.54
6.71
10.77
9.25
7.55
9.04
6
5.13
3.66
5.14
7.99
7.82
10.2
9.9
8.93
10.15
13.82
12.26
10.4
6.39
7.86
8.7
9.38
8.43
11.67
8.14
11.39
13.06
9.01
6.36
6.8
9.05
11.3
33.64
26.4
21.98
22.36
24.5
24.11
23.08
27.01
21.18
28.52
22.57
26.8
28
31.2
23.41
21.47
22.72
22.38
21.97
19.66
7.82
15.98
23.54
15.56
5.03
15.38
11.07
21.43
24.16
24
15.63
11.97
22.5
13.31
10.88
9.61
10.5
13.52
3.55
13.24
21.53
11.91
18.64
27.02
11.99
6.34
23.98
24.64
12.93
14.11
21.19
14.41
10.74
18.59
25.74
15.09
21.16
23.78
19.14
20.4
17.32
18.17
46.42
35.86
28.48
34
36.59
26.16
37.08
30.11
39.11
30.27
20.72
19.88
32.23
31.6
14.18
20.7
18.62
18.74
22.15
25.36
23.39
29.08
22.99
24.83
23.56
23.74
26.12
24.85
28
18.54
21.63
24.99
21.11
23.25
19.43
21.41
20.87
23.83
26.19
28.37
21.26
22.44
24.5
24.8
24.65
20.19
27.68
29.68
27.54
21.84
24.83
20.48
32.36
24.62
14.92
12.36
10.03
16.08
13.63
15.65
13.58
13.31
7.33
11.03
12.66
8.09
15.22
13.45
4.7
12.13
6.41
20.5
14.13
10.97
16.4
11.56
13.7
9.68
9.52
12.81
17.39
20.23
15.66
31.77
19.25
26.52
24.42
5.97
11.03
19.63
11.45
12.68
17.37
17.53
16.04
21.61
12.03
15.31
23.87
14.67
14.56
23.41
17.76
21.43
13.67
25.75
21.73
19.95
15.21
17.52
20.31
24.1
21.64
19.96
26.98
26.83
26.12
25.28
21.7
25.44
19.92
23.88
20.72
26.12
31.07
11.64
11.27
9.56
19.24
12.52
11.01
4.55
8.93
7.45
14.84
12.82
15.46
18.41
11.66
13.41
20.5
15.55
20.41
8.74
20.85
12.38
13.84
7.9
12.96
12.81
11.25
10.39
12.8
14.51
17.39
17.79
12.91
9.28
18.23
16.52
17.04
15.78
16.13
17.62
18.14
16.18
16.25
16.49
16.28
18.44
16.29
15.71
17.06
21.04
21.15
18.03
18.77
18.55
11.84
15.72
10.98
13.32
16.63
17.55
18.69
26.29
16.71
11.39
13.85
16.95
16.68
27.72
27.24
23.43
17.01
21.06
23.56
20.35
19.26
22.47
22.46
24.91
21.69
21.57
17.71
11.72
7.46
10.98
13.63
10.79
11.17
14.96
11.48
18.1
15.35
16.69
15.02
16.68
14.87
13.28
20.93
19.5
19.86
19.77
19.68
10.67
7.34
22.38
22.77
9.26
21.91
18.06
15.21
15.74
9.2
22.4
23.22
6.41
21.11
15.51
15.24
16.33
16.5
15.91
19.03
9.43
11.03
5.61
8.67
7.12
3.27
7.47
15.71
16.99
21.3
10.94
21.65
9.86
23.43
25.26
24.53
8.97
12.09
12.35
14.17
4.39
12.3
1.97
10.64
10.53
10.79
9.67
10.83
9.9
12.33
19.45
4.11
9.04
10.6
8.61
6.18
4.85
15.81
11.42
9.68
9.24
7.74
11.15
7.03
9.87
20.21
14.15
20.04
12.63
9.23
3.6
12.2
3.73
2.28
5.26
6.55
16.42
16.59
15.66
14.56
15.75
17.29
13.48
14.32
10.81
7.78
7.36
19.46
17.09
17.51
16.61
20.29
24.16
19.41
17.18
13.74
17.11
9.97
24.6
16.46
17.55
10.87
10.47
17.57
25.37
14.51
20.48
17.61
18.09
19.9
20.88
20.26
28.1
23.79
20.05
21.49
28.98
26.86
22.12
21.64
22.24
20.64
13.34
19.47
19.44
19.16
19.6
18.22
16.41
27.63
20.27
13.15
19.42
8.73
12.2
19.82
21.96
17.71
16.64
22.21
12.36
17.81
10.17
11.68
10.85
3.42
4.9
10.21
13.96
11.38
24.05
23.01
25.46
24
27.33
26.42
26.41
24.59
23.89
28.4
25.4
26.83
24.87
23.75
22.94
17.09
13.92
14.93
11.28
21.83
34.71
10.36
12.8
18.14
18.85
25.35
29.33
24.66
10.75
11.84
26.69
17.64
17.49
26.93
17.37
22.49
31.83
38.63
22.63
16.93
10.04
21.33
18.76
15.02
14.41
6.85
15.17
15.39
15.97
18.92
7.61
11.36
10.67
18.94
18.66
23.16
20.2
16.91
16.31
18.95
20.67
9.86
23.07
10.44
19.2
16.68
18.93
5.16
3.97
2.28
8.77
2.23
14.74
12.67
23.65
12.55
2.29
12.41
10.38
19.42
15.76
24.82
19.02
12.36
16.41
13.01
21.95
18.08
14.33
14.59
8.55
10.41
13.43
6.67
6.06
11.28
5.11
12.24
12.57
22.39
11.74
19.09
23.94
4.06
10.03
10.89
10.81
8.66
8.69
5.09
22.49
21.97
17
15.69
12.15
15.3
18.47
15.51
14.77
10.51
20.37
16.48
12.78
9.37
8.81
9.14
8.84
9.15
11.39
13.87
29.61
24.96
36.8
28.93
29.95
28.25
33.41
28.04
17.99
29.52
28.97
36.89
23.98
32.89
43.21
30.99
21.55
37.54
38.62
34.23
21.57
22.04
25.16
19.14
19.45
23.48
19.02
22.31
27.47
35.96
17.7
12.73
16.23
9.15
18.62
11.17
22.09
10.35
17.7
11.1
12.81
12.28
17.14
19.61
11.62
14.49
9.66
13.32
16.98
14.35
22.19
15.28
11.38
9.53
6.07
10.29
12.03
14.99
15.06
30.46
32.22
26.54
21.26
27.57
28.82
25.05
20.56
20.77
30.06
19.66
25.25
16.87
22.85
24.96
23.18
21.97
13.98
19.74
23.27
33.03
26.15
26.18
22.98
25.66
24.11
16.72
26.38
28.82
24.24
24.45
20.81
15.92
21.45
21.55
25.33
22.03
23.84
24.88
23.19
20.5
12.56
14.65
14.12
16.59
24.98
15.5
15.38
14.48
20.76
19.13
15.27
18.51
22.56
16.14
19.21
20.58
28.52
17.25
22.23
29.79
31.61
25.9
25.96
29.84
24.84
27
26.42
26.75
27.26
30.51
24.92
28.08
24.39
30.2
29.63
23.07
28.61
16.78
28.56
4.9
8.8
4
11.39
10.74
8.92
8.97
7.71
11.31
13.65
11.57
17.15
21.11
15.6
12.1
3.07
6.88
7.63
13.93
20.48
17.16
6.31
8.86
13
12.34
5.93
4.13
5.12
0.93
2.19
18.78
5.5
7.21
10.24
8.99
19.65
28.44
17.93
17.09
18.43
13.12
6.06
12.87
6.71
15.57
10.69
7.69
9.85
6.73
10.68
18.35
26.25
30.07
26.83
27.84
14.25
23.34
28.92
23.85
14.54
33.47
18.45
18.02
25.24
13.72
23.99
27.97
17.6
8.26
4.59
16.34
16.23
7.05
11.09
15.88
9.23
7.61
7.87
4.88
2.39
10.7
10.89
4.55
8.07
6.06
9.27
12.68
7.55
5.97
12.2
14.32
5.96
18.16
8.58
11.78
28.61
17.15
14.46
24.34
23.6
25.73
21.75
22.35
13.02
23.62
13.55
34.38
23.88
8.41
25.31
20.14
28.56
34.49
35.31
32.84
5.25
3.46
2.63
11.43
6.52
2.87
5.81
9.07
8.79
8.56
17.16
0.87
9.39
14.31
7.53
10.11
7.24
12.85
14.52
6.83
13.94
19.12
17.16
19.85
15.91
15.26
15.89
18.53
15.09
15.43
13.47
16.21
19.98
23.89
18.66
19.58
22.41
20.53
20.93
20.89
25.81
20.53
15.7
12.19
13.32
15.52
19.69
15.1
23.06
26.57
20.86
19.25
17.84
18.78
19.87
10.01
10.97
2.81
15.05
16.5
8.44
5.57
5.06
10.24
2.59
12.71
13.03
7.03
5.89
7.44
4.85
5.51
7.01
16.42
12.92
12.98
24.59
25.7
28.98
30.7
25.83
27.25
19.33
25.51
19.53
36.44
32.49
32.93
28.09
29.41
28.88
28.86
36.71
31.48
27.82
28.94
20.27
33.26
18.05
25.76
19.82
14.5
17.05
32.78
41.72
40.07
55.96
45.46
53.41
42.62
40.54
37.3
42.57
42.27
13.92
27.09
5.71
19.26
18.6
24.32
30.01
24.04
17.19
16.56
29.44
14.41
16.05
17.19
16.31
19.77
42.21
44.76
40.53
21.88
26.74
26.22
16.03
15.35
19.19
20.35
15.11
18.95
12.8
23.84
31.64
22.38
27.68
30.21
31.03
24.26
15.53
8.31
17.86
15.66
6.83
11.29
4.66
12.87
13.5
11.63
13.96
11.17
8.75
15.74
14.85
14.32
16.03
25.31
17.77
24.98
22.66
28.24
19.52
13.01
12.06
18.56
11.94
23.2
12.95
30.33
20.02
17.61
31.85
23.23
25.82
25.4
24.67
20.73
30.03
27.31
23.76
15.27
17.65
19.69
19.84
19.17
19.84
15.9
16.31
24.67
26.06
23.66
24.84
21.6
27.95
33.74
17.74
35.94
29.17
37.34
32.33
36.3
34.6
37.73
34.8
38.86
31.3
36.14
30.18
38.88
31.25
28.36
35.1
27.96
34.7
28.02
13.67
28.24
32.95
14.55
19.7
19.19
13.22
17.35
40.67
49.43
48.11
46.85
57.78
51.53
21.78
23.74
14.43
19.69
29.1
22.23
7.78
24.29
12.11
20.99
28.22
29.72
21.22
33.33
25.62
23.01
32.15
29.87
30.02
10.95
4.33
5.27
7.22
7.9
6.32
6.33
7.63
17.02
15.77
15.65
12.04
5.79
10.36
15.93
7.67
14.47
13.14
10.04
16.42
9.9
16.63
13.71
13.36
31.09
8.92
12.09
8.38
6.88
2.96
5.57
9.93
15.37
7.3
23.25
11.85
12.82
27.05
52.63
41.1
44.97
41.88
50.62
49.62
40.82
44.39
54.65
35.59
42.09
37.81
28.79
19.62
28.42
25.29
36.48
5.14
7.37
11.64
10.83
8.96
9.29
10.39
11.59
9.87
6.72
7.31
6.67
4.5
6.6
7.32
6.58
6.79
7.63
9.14
10.55
22.34
10.52
18.41
15.12
14.91
26.14
10.6
15.53
17.11
24.82
13.87
9.32
13.53
11.59
16.25
16.81
13.55
17.12
12.22
10.52
7.52
6.82
15.06
13.34
10.75
6.26
6.27
18.58
20.33
15.76
15.14
17.25
12.98
6.6
9.88
19.53
7.33
29.52
32.08
31.52
32.8
39.89
29.04
36.73
32.72
35.23
40.53
37.49
34.58
37.45
28.18
24.98
30.27
27.11
32.12
26.68
33.78
10.14
16.51
13.22
24.99
17.29
19.98
21.58
17.01
5.18
7.92
23.03
8.92
18.1
6.83
12.96
7.04
17.67
20.55
18.55
20.39
24.18
26.56
24.07
25.91
23.67
30.89
25.84
24.37
26.9
24.74
24.51
28.67
27.93
24.59
24.23
28.07
7.91
9.3
13.64
10.68
8.87
15.17
10.4
5.06
19.29
12.88
18.02
19.52
13.14
14.38
19.26
14.91
18.03
7.1
9.8
1.12
8.66
6.03
3.17
9.91
8.72
7.12
9.71
11.6
7.06
11.34
7.93
4.83
9.99
8.95
6.36
8.61
5.89
22.93
24.91
22.55
23.47
20.34
27.08
22.32
25.64
20.66
25.34
21.73
18.14
21.97
21.22
12.79
14.52
15.48
12.79
18.34
11.7
37.09
33.43
30.72
29.49
27.82
35.09
34.41
32.05
30.37
35.17
29.98
35.11
39.44
32.89
35.69
28.49
25.66
41.08
37.47
35.38
31.12
31.22
41.54
29.88
33.25
36.97
40.28
43.88
36.53
36.77
33.24
22.11
39.34
6.68
15.32
10.11
15.15
11.57
13.56
11.78
12.59
23.07
15.26
11.28
7.13
7.57
8.85
9.14
11.31
17.1
22.03
28.07
20.11
25.76
25.89
27.42
25.95
25.25
20.45
20.29
22.91
22.88
27.89
17.66
25.85
26.46
20.62
23.21
21.15
22.81
6.08
9.55
5.11
5.05
6.29
7.23
4.37
4.29
3.87
2.72
3.48
3.82
12.04
8.4
8.73
9.84
12.05
14.45
8.69
11.99
37.23
45.62
47.87
33.87
39.53
42.4
44.91
60.09
46.25
36.58
44.25
39.81
32.62
36.98
34.05
33.74
5.45
6.3
21.05
16.58
24.81
26.4
20.39
7.01
8.79
23.02
18.97
18.2
11.74
12.51
4.48
16.32
23.61
19.7
13.82
17.27
32.6
29.14
32.22
27.29
30.13
27.96
32.02
28.04
16.55
22.01
24.69
23.08
25.39
19.66
22.85
19.55
14.91
17.76
27.64
17.29
16.52
14.5
16.43
14.6
16.07
16.27
15.76
16.59
14.26
15.41
15.54
17.95
12.27
13.48
15.6
13.21
11.08
11.94
16.39
15.17
34.71
35.36
31.3
30.18
32.12
31.3
28.03
28.77
22.16
20.92
28.87
29.33
22.57
26.07
31.5
27.6
27.79
11.61
10.05
30.17
14.95
15.39
16.4
22.4
19.25
12.25
12.64
11.66
14.52
21.77
13.35
21.5
11.55
16.84
9.53
16.84
26.77
24.3
26.04
22.31
24.19
20.71
18.51
20.23
19.79
19.71
20.26
20.46
24.4
21.88
23.38
21.14
23.87
20.89
28.31
29.93
10.89
8.92
21.07
13.13
15.49
11.66
7.09
6.36
8.63
5.18
11.83
5.81
14.55
12.46
13.41
4.78
1.46
8.29
19.96
16.53
15.97
14.68
9.43
11.32
14.09
9.34
3.81
11
11.18
23.09
10.09
2.3
10.9
6.08
10.18
24.05
9.64
10.57
13.89
21.22
18.53
26.93
8.22
12.33
19.57
12.67
14.35
31.18
12.98
34.67
33.66
37.47
35.38
31.12
31.22
41.54
29.88
33.25
36.97
40.28
43.88
36.53
36.77
33.24
22.11
39.34
10.32
4.05
15.58
1.69
1.34
9.23
6.78
9.16
5.43
16.04
16.11
8.47
8.69
7.02
17.05
13.05
4.98
11.73
7.77
33.26
37.01
36.08
40.12
28.08
34.26
29.86
37.67
30.52
35.61
34.58
32.64
33.59
32.77
34.51
33.2
10.58
11.18
13.17
12.38
8.87
11.62
11.8
11.7
11.59
9.18
8.52
8.2
9.71
11.79
11.21
13.21
15.49
8.38
13.58
13
10.36
11.12
9.62
6.63
5.29
9.59
7.43
11.14
14.95
13.3
8.39
12.53
10.42
11.21
10.8
14.51
1.39
3.65
2.36
2.02
4.5
3.59
7.53
5.82
10.25
4.15
4.76
6.53
5.13
1.33
7.32
5.44
6.28
1.89
6.87
1.19
4.03
2.51
7.91
4.4
18.43
21.82
17.43
15.98
15.23
3.27
9.64
8.17
14.84
12.05
15.45
20.89
18.82
16.9
17.16
12.02
23.87
19.42
16.27
12.21
4.11
13.83
15.21
4.4
7.64
10.88
16.67
5.56
2.81
17.11
7.43
18.14
15.24
13.16
14.69
8.71
7.99
11.27
10.3
6.84
3.24
7.62
9.39
6.85
11.87
5.28
8.18
10.22
7.71
13.24
4.25
11.44
3.44
14.85
8.12
11.05
7.65
21.49
21.55
24.19
19.91
27.63
20.27
25.18
23.33
23.59
21.93
24.34
28.52
20.17
23.37
19.48
21.77
25.55
17.3
18.14
17.49
4.21
7.7
5.47
10.61
8.94
16.02
5.71
16.11
7.23
10.94
10.44
11.34
5.47
3.7
2.89
6.71
7.2
7.21
4.11
3.9
11.12
6.24
9.81
8.31
8.19
8.8
12.2
11.07
12
11.02
8.88
13.23
8.53
10.35
12.48
11.3
13.15
14.47
13.3
16.4
20.15
7.07
16.02
6.09
17.67
17.17
17.41
18.15
18.34
24.33
25.58
17.34
14.85
20.36
20.11
23.88
22.31
25.02
11.57
11.01
11.3
3.61
4.6
13.19
11.31
6.02
14.58
5.99
7.72
15.89
15.29
12.63
13.49
3.05
5.19
9.38
9.21
18.33
26.1
21.37
12.89
12.03
20.18
15.56
10
30.37
23.07
28.66
20.41
31.69
30.34
38.86
35.42
30.94
29.92
41.82
37.7
50.15
29.3
33.38
25.18
23.71
32.03
31.34
35.28
34.18
35.64
27.44
30.94
37.26
45.26
31.75
36.33
28.93
39.47
40.9
37.58
40.44
37.01
39.97
39.76
24.68
31.22
40.46
30.15
34.09
29.33
36.86
26.81
33
38.65
44.68
36.95
33.86
30.26
33.62
30.47
27.5
31.59
31.36
25.07
27.34
24.49
21.45
17.61
29.64
24.58
22.35
21.59
25.83
18.5
21.37
21.4
26.85
20.4
22.31
18.84
9.67
17.77
16.14
13.05
9.54
12.3
20.87
17.91
19.78
8.36
17.04
21.7
9.55
28.06
30.92
17.3
16.96
27.31
22.29
20.51
21.63
14.11
18.45
22.2
20.26
19.3
15.97
11.87
16.94
19.82
15.52
20.03
17.92
15.03
15.59
13.6
10.45
13.95
17.51
16.69
21.5
12.61
27.41
19.36
10.76
16.43
26.29
27.28
21.14
15.3
11.51
6.94
15.62
12.07
2.43
17.3
31.32
19.24
32.45
26.05
13.38
9.18
15.71
22.65
9.67
18.69
5.44
9.72
4.95
7.24
8.66
14.38
9.42
11.56
19.51
14.82
14.6
23.98
13.01
13.12
10.96
3.25
14.06
16.03
12.89
11.82
6.97
10.75
13.11
7.61
7.62
11.26
10.68
10.05
16.09
29.89
15.36
15.98
15.23
3.27
9.64
8.17
14.84
12.05
15.45
20.89
18.82
16.9
17.16
12.02
23.87
19.42
16.27
24.29
20.47
18.77
24.44
15
17.51
22.57
21.84
5.93
7.87
17.22
16.32
8.51
15.19
12.61
17.76
11.65
15.57
12.18
32.36
27.03
17.06
18.92
24.6
18.72
18.85
21.11
22.52
24.01
16.09
20.88
19.77
21.69
20.44
16.22
19.38
17.04
13.17
13.69
29.79
22.25
24.95
23.59
20.08
17.69
23.43
26.4
24.94
22.97
19.44
21.03
33.47
34.14
27.22
27.16
22.07
24.21
25.33
26.84
32.51
30.08
29.9
30.37
19.47
28.22
35.5
32.25
18.47
30.83
32.53
25.83
32.12
28.8
34.96
33.46
27.81
25.64
29.2
11.43
9.39
9.75
7.99
7.55
8.74
9.88
10.72
12.68
5.66
6.66
6.95
3.08
8.42
6.02
5.36
16.22
7.1
10.68
30.21
26.37
29.13
34.02
33.36
26.4
27.06
30.92
30.94
21.76
25.9
23.92
17.96
23.38
25.71
23.22
23.43
26.46
26.41
31.46
14.53
13.15
6.89
4.02
14.94
14.26
13.04
13.06
6.81
9.64
24.23
20.71
19.51
10.45
15.85
3.9
18.37
19.87
16.74
8.04
9.6
9.86
17.23
27.16
26.85
32.84
21.43
16.48
18.52
21.16
9.14
18.69
35.45
27.22
25.71
45.38
33.45
24.7
42.02
41.68
36.57
34.02
31.97
39.2
29.11
34.06
40.51
25.9
22.77
35.47
22.05
26.89
11.96
9.29
7.7
11.31
8.83
10.81
11.86
10.81
10.07
14.48
15
9.95
8.37
12.51
17.2
19.29
11.6
4.1
6.92
20.73
12.77
11.86
13.87
11.39
26.27
23.95
18.93
16.71
22.78
19.17
29.22
30.47
36.66
30.78
36.2
22.12
21.48
31.63
31.86
32.24
24.73
13.62
27.01
27.37
21.36
19.85
7.29
10
7.01
8.51
12.6
18.81
9.47
10.42
28.25
6.86
8.83
1.28
5.4
7.71
5.34
8.32
1.58
3.03
4.58
12.27
15.08
7.38
4.72
8.6
17.64
5.88
29.38
21.4
24.86
24.35
19.13
29.35
27.39
20.79
21.26
16.85
17.79
18.68
16.59
17.29
22.85
20.57
28.54
29.34
23.46
25.26
31.27
40.14
31.19
31.91
40.19
35.31
34.13
41.1
38.63
34.72
35.53
35.43
34.17
31.48
27.76
23.97
30.24
27.59
31.21
32.12
28.39
36.5
25.59
28.95
35.53
47.95
49.28
54.81
38.04
39.6
35.44
38.44
34.03
45.53
30.36
27.03
20.69
15.73
10.91
9.42
7.63
7.39
15.55
7.29
10.7
17.3
14.05
5.17
8.91
12.14
11.74
11.97
10.81
8.35
13.03
7.62
5.35
12.86
13.9
16.98
12.89
10.9
16.62
17.37
15.47
10.4
12.97
15.96
13.87
14.82
13.47
13.29
13.66
16.11
14.09
14.75
14.83
19.67
16.37
10.59
8.66
5.11
10.2
8.38
14.88
7.8
10.28
7.5
7.98
3.26
3.66
2.38
8.24
2.88
18.88
8.89
1.51
12.08
9.67
11.62
14.16
6.21
7.62
12.94
2.22
5.37
4.61
14.54
9.31
16.4
14.69
9.31
9.25
5.85
3.73
6.02
8.38
4.94
6.3
8.4
3.08
7.17
11.09
9.98
9.54
1.68
6.35
6.71
1.62
1.74
9.15
4.19
7.23
11.7
7.37
7.46
2
13.65
13.24
12.27
5.94
5.16
7.02
14.28
7.53
11.6
10.78
15.23
9.57
11.5
18.7
12.43
19.55
15.15
23.07
15.63
17.57
16
14.64
10.25
5.41
7.14
8.56
6.8
11.19
5.16
1.17
12.42
18.06
13.38
9.95
13.51
16.31
12.72
9.8
16.11
14
18.29
16.97
16.95
20.85
17.95
21.66
21.41
20.19
20.16
18.93
19.17
23.52
21.44
21.72
21.29
22.67
17.14
21.05
20.44
35.7
38.3
39.27
33.05
35.55
39.58
38.07
38.55
34
35.5
36.37
44.23
33.12
38.74
36.42
32.84
38.85
35.67
34.52
30.06
14.36
15.27
19.84
14.23
19.1
11.5
18.02
13.04
13.51
15.13
10.66
13.29
14.68
11.19
10.57
9.59
13.97
11.95
6.57
4.59
8.52
8.66
6.83
8.56
8.56
14.48
9.06
7.35
8.87
2.01
13.98
3.33
4.52
6.69
8.21
5.47
5.35
7.93
13.19
13.85
12.52
10.87
10.03
19.15
1.78
2.19
8.16
8.3
8.22
20.88
21.8
20.43
17.21
25.34
24.29
23.76
27.68
15.21
12.82
26.38
19.48
9.23
15.43
22.44
12.54
25.18
21.96
20.51
15.29
19.56
25.85
23.05
18.51
18.79
28.07
21.97
20.25
23.88
16.14
12.91
11.52
5.39
14.17
13.28
10.65
11.39
18.52
12.88
9.32
18.1
5.87
12.79
15.55
9.79
7.22
10.4
29.67
30
25.43
30.33
41.02
44.15
23.68
14.64
22.49
19.49
20.63
28.03
12.56
19.16
19.02
19.3
10.85
19.88
14.39
9.9
34.97
33.63
22.03
26.72
19.75
25.18
28.11
25.83
45.33
34.41
29.58
38.05
43.76
31.18
41.73
39.84
37.08
33.95
38.06
33.59
35.55
18.49
27.31
27.44
35.43
22.28
31.29
22.17
23
29.88
26.95
24.45
17.12
30.24
26.34
24.69
22.43
26.58
30.22
26.48
30.4
25.66
21.28
25.4
29.19
31.52
18.94
29.25
27.42
32.86
35.33
40.87
31.16
39.99
42.67
35.74
37.77
9.33
13.04
13.33
13.53
14.04
13.34
15.7
15.01
11.6
13.56
12.79
14.18
9.97
10.03
12.82
8.49
11.42
19.24
23.38
21.78
38.41
44.87
28.14
25.39
23.3
29.72
25.55
27.82
23.19
25.93
26.38
35.94
39.88
26.44
25.9
19.76
19.9
24.99
37.72
14.3
16.66
5.59
12.23
12.18
16.14
18.33
13.56
14.6
16.01
11.71
15.23
14.63
17.34
21.21
22.36
18.63
16.28
20.65
21.19
29.94
31.85
40.94
40.97
39.11
34.86
38.88
39.67
34.63
39.62
37.27
37.06
43.44
37.77
37.07
40.66
43.41
43.06
39.88
41.15
27.34
27.16
18.82
23.99
30.87
37.38
18.72
31.96
33.9
28.89
23.86
31.76
24.71
21.29
24.94
31.46
33.38
37.4
35.4
34.43
34.54
32.21
39.85
28.26
31.1
42.75
44.85
50.61
33.26
34.92
41.69
32.02
36.49
35.49
47.39
50.33
30.49
24.44
39.56
46.4
15.69
12.36
22.65
11.57
14.18
15.69
14
8.07
18.21
17.09
16.09
26.6
27.43
21.84
22.55
19.15
25.36
33.78
30.96
33.08
43.47
33.6
36.24
24.9
39.95
35.57
40.16
44.15
32.71
28.66
31.57
34.03
38.69
27.12
37.23
32.7
30.05
27.76
26.47
25.99
25.54
17.36
17.14
19.9
24.64
17.84
17.37
27.56
23.05
27.39
22.07
24.62
24.93
26.49
25.68
23.64
29.38
49.62
50.89
47.15
32.38
5.79
16.04
13.65
13.35
16.05
18.82
16.36
15.89
24.51
24
18.45
37.28
16.36
43.55
32.79
31.69
26.53
50.37
34.11
34.76
37.33
36.76
26.44
28.5
41.57
33.95
29.78
33.62
32.12
37.04
35.06
31.01
25.83
21.47
16.59
20.35
16.51
7.99
10.46
20
23.52
21.17
20.88
23.44
18.39
20.06
17.21
19.93
18.81
18.54
23.85
19.98
20.97
11.58
11.18
12.97
17.76
20.32
15.55
11.51
8.48
11.48
24.6
11.28
11.45
8.38
13.94
5.59
11.04
14.44
15.46
13.6
19.04
21.55
25.13
21.65
20.48
22.79
15.63
23.8
24.11
34.74
29.05
25.3
27.18
31.68
24.2
31.36
28.75
24.58
19.3
26.82
26.24
13.25
13
6.12
12.82
4.35
13.7
5.24
5.18
14.96
9.05
12.38
10.2
15.83
2.49
9.81
12.94
17.16
14.03
52.28
35.66
46.42
33.22
40.53
36.85
31.47
39.02
20.72
38.88
44.62
25.01
33.9
7.97
28.1
30.8
32.36
27.78
38.29
25.87
21.11
22.12
25.95
20.52
22.7
25.39
26.65
22.28
21.84
16.77
18.46
15.82
16.17
15.99
21.77
18.2
18.82
24.79
22.51
32.19
29.47
29.68
26.2
26.41
28.12
22.32
10.7
22.96
28.45
26.02
25.51
11.12
20.5
37.86
35.11
21.38
20.78
32.87
13.87
9.06
4.28
16.18
13.04
8.2
5.85
5.94
4.15
13.28
8.33
11.72
2.19
8.98
26.61
17.79
6.25
12.38
11.01
2.73
12.87
19.59
19.02
9.34
15.66
13
10.16
11.19
9.21
12.59
11.04
5.69
13.06
13.53
15.33
14.64
17.52
12.66
10.83
14.07
12.71
5.27
13.44
3.34
10.09
14.09
9.56
7.69
11.61
19.35
16.39
12.61
10.04
11.39
3.25
14.33
6.09
14.09
11.54
13.8
14.18
10.68
13
11.9
9.91
18.49
14.3
6.98
14.79
13.82
13.43
14.49
15.32
17.91
14.62
16.86
19.28
13.96
16.13
24.38
36.52
17.91
37.16
26.99
29.97
16.25
28.99
42.88
21.31
32.64
27.33
29.76
29.87
20.8
28.54
25.18
27.57
15.68
13.01
14.45
11.39
18.33
16.87
11.58
21.48
20.06
11.32
21.98
26.75
19.89
20.74
24.37
22.69
20.93
22.6
14.22
15.93
12.04
18.61
17.77
12.24
3.19
15.98
8.77
7.04
6.99
18.48
6.95
12.91
13.64
20.49
10
11.67
15.47
14.11
12.97
4
8.7
6.7
9.33
10.64
15.89
16.66
11.3
12.14
12.23
10.21
12.4
11.13
9.67
9.62
10.01
7.62
7.64
7.43
5.61
9.92
17.44
16.46
17.98
19.84
17.9
19.52
18.69
21.79
17.85
18.37
19.25
20.38
20.56
18.99
20.8
20.04
21.59
19.81
22.26
21.09
1.96
7.98
13.84
14.25
2.02
5.93
2.8
6.89
2.87
12.42
7.86
8.86
4.6
8.12
4.14
7.51
7.27
8.43
4.98
7.46
20.51
30.14
16.36
12.8
16.73
16.7
17.57
22.4
39.84
27.06
18.78
17.62
24.34
24.97
19.88
35.12
10.59
3.01
6.6
6.18
5.88
5.61
9.09
6.89
6.84
7.37
15.9
5.18
6.08
13.52
9.08
11.67
15.81
12.12
8.96
15.7
29.03
27.41
28.96
28.47
31.04
30.28
29.33
26.66
24.05
26.54
24.16
19.43
19.87
19.6
16.27
17.34
21.9
20.75
17.08
15.42
17.31
20.14
16.63
15.08
10.27
17.94
16.2
11.65
16.14
16.04
13.36
10.08
11.4
9.53
5.23
9.89
8.97
7.68
15.6
18.37
19.79
21.05
14.19
14.49
20.79
21.83
18.87
17.57
20.82
15.33
11.8
22.89
18.95
21.37
19.04
21.84
25.2
20.71
19.97
21.94
18.06
20.72
13.27
19.6
15.01
23.03
19.3
21.4
18.09
17.12
19.54
14.64
18.09
12.85
19.39
19.07
17.93
15.46
3.95
4.57
8.16
2.7
4.76
2.4
3.96
2.91
5.83
2.58
3.02
3.44
8.64
5.32
5.67
6.04
5.92
6.08
6.22
7.4
14.41
8.63
23.87
11.07
10.64
17.05
8.51
8
12.68
17.93
16.28
14.29
19.01
27.58
12.01
25.27
16.53
16.64
19.12
22.32
16.47
15.31
9.26
7.32
9.47
7.79
12.84
10.4
8.12
13.06
17.02
17.51
13.45
13.5
19.34
13.08
18.13
14.93
18.3
12.46
19.42
18.27
6.02
11.45
7.05
11.14
10.58
11.1
19.58
12.94
12.45
6.1
27.32
11.73
15.85
16.25
18.17
19.13
23.17
27.34
31.1
31.36
31.58
31.11
31.08
36.88
50.35
47.36
31.05
26.15
28.68
19.99
26.11
34.46
34.27
12.82
11.35
9.46
14.9
13.62
12.46
8.11
11.43
10.34
17
15.33
17.64
15.98
15.04
15.54
15.77
17.52
15.12
13.11
9.42
38.01
31.11
33.26
31.96
36.14
44.39
28.52
26.31
32.88
43.18
36.68
29.42
22.75
31.25
14.82
12.08
13.47
2.39
6.95
3.24
6.98
6.59
4.34
9.48
8.68
5.41
6.96
14.38
6.35
8.04
3.08
1.87
6.72
6.45
3.59
6.27
6.02
10.96
7.68
13.54
5.3
0.4
3.79
3.43
8.45
4.57
20.41
12.11
23.05
9.53
8.65
13.84
16.57
35.54
25.52
30.25
34.48
34.94
39.76
44.72
39.32
35.36
33.31
43.26
38.67
37.99
40.78
38.87
24.21
23.73
26.35
27.58
25.3
5.42
21.84
22.52
13.69
18.77
16.78
27.81
14.41
16.14
23.47
29.87
23.13
5.49
13.8
11.77
11.52
8.95
19.84
30.29
25.28
12.64
20.63
21.71
22.08
16.58
15.15
20.62
19.95
14.93
17.71
22.73
32.6
25.66
23.98
32.55
7.82
7.23
6.65
25.53
16.88
9.27
6.92
9.78
19.27
11.63
13.99
23.35
17.75
17.04
17.11
20.81
14.58
12.32
29.51
27.92
20.33
20.61
35.23
42.36
37.81
31.46
36.15
38.54
42.89
38.8
33.6
27.41
23.8
40.21
40.28
32.67
30.97
32.11
37.4
35.55
34.37
49.57
33.53
40.55
41.79
48
34.79
50.48
40.98
41.71
35.61
36.18
32.31
29.5
38.78
28.53
35.3
19.14
26
22.82
29
28.25
34.82
23.04
26.55
33.6
30.84
28.25
26.43
21.09
30.84
31.35
31.12
19.87
21.49
26.35
24.34
3.92
17.51
19.75
21.15
6.15
18.13
11.6
9.16
26.56
26.9
24.49
25.33
23.11
22.94
11.36
15.91
13.09
20.57
20.56
25.8
2.92
5.31
12.01
14.7
19.3
10.41
10.79
19.06
12.67
5.88
14.05
8.79
10.07
5.8
7.66
1.2
4.21
10.75
4.92
12.26
15.06
18.44
16.08
12.05
16.47
20.75
5.88
16.73
18.04
15.05
13.1
27.87
18.95
19.13
24.33
23.18
20.54
8.66
14.79
11.41
12.83
7.65
13.02
15.12
10.19
9.44
13.02
12.69
3.15
9.1
12.38
11.44
4.8
7.83
6.63
12.22
13.48
15.86
13.97
17.8
11.1
10
8.14
15.6
9.1
11.61
18.5
17.39
14.88
7.54
24.13
19.85
15.69
19.38
15.16
23.76
35.65
38.43
33.36
29.74
32.73
26.26
34.28
39.93
28.53
21.51
35.5
32.96
21.71
25.86
39.03
19.26
18.48
20.82
16.8
14.84
20.58
17.99
11.19
21.05
14.84
11.84
21.29
24.92
16
19.76
12.22
13.36
7.13
15.48
22.17
4.23
10.48
22.61
21.28
18.96
11.29
15.91
17.16
9.39
15.38
21.78
15.18
12.47
19.45
14.47
6.82
13.88
5.57
23.17
14.89
28.39
23.71
22.26
28.35
25.53
34.36
27.13
30.58
26.9
30.84
20.95
17.98
13.28
17.91
19.62
22.64
17.42
24.69
16.55
5.75
6.58
25.78
15.6
12.26
11.74
23.75
16.94
16.34
22.16
17.28
20.55
21.46
17.46
9.78
11.07
5.74
13.78
17.32
24.8
8.29
11.62
24.22
16.52
11.01
16.41
14.16
14.29
19.38
10.87
5.21
11.28
9.14
8.99
14.08
12.86
14.96
12.94
9.91
40.76
40.1
42.99
41.24
46.63
41.14
31.4
32.88
36.64
34.14
36.73
47.61
32.93
42.39
49.33
25.05
40.44
33.12
5.35
6.13
8
7.12
6.9
6.93
9.97
6.14
9.48
6.28
4.39
6
3.08
5.19
4.86
8.46
4.64
6.39
2.87
5.76
28.09
30.62
35.97
34.65
28.24
26.86
31.01
23.59
28.75
31.77
34.37
31.95
26.5
37.21
36.06
30.59
30.9
35.81
36.19
35.53
29.97
32.85
34.67
38.92
34.33
38.12
37.43
36.21
33.8
37.56
38.5
34.66
31.44
41.02
32.02
38.92
36.46
35.61
39.54
43.51
8.26
15.41
15.17
15.34
16.41
15.64
25.9
22.65
25.26
25.23
24.29
19.42
27.13
27.32
19.36
26.15
19.39
18.7
19.02
19.37
38.62
32.19
29.71
40.28
37.73
36.24
29.92
28.41
28.06
29.51
34.43
27.5
28.83
28.07
18.48
25.9
34.01
30
32.04
20.71
43.53
36.42
34.37
42.76
26.95
35.12
24.43
28.57
38.91
37.71
38.34
46.43
49.57
48.34
45.23
11.62
15.91
18.21
29.34
30.21
21.82
24.5
29.53
21.76
23.54
23.92
18.65
25.82
31.64
24.93
27.1
26.68
21.74
22.78
16.05
28.67
25.73
38.85
33.91
40.47
37.42
42.95
37.19
29.92
28.95
38.04
35.08
36.5
29.01
29.18
29.57
34.89
27.73
43.98
34.74
16.45
16.43
10.8
14.29
16.41
13.4
14.16
15.27
12.14
16.92
13.41
17.94
21.6
16.4
16.66
14.25
11.99
14.36
17.95
23.96
14.56
20.53
1.66
16.67
7.34
9.69
11.38
4.1
1.79
11.57
14.22
5.53
11.48
7.98
6.26
15.52
22.27
18.91
15.09
19.3
19.1
15.45
25.58
24.48
23.63
10.28
21.56
9.31
19.42
27.56
22.89
27.84
24.23
30.69
29.5
25.79
10.63
5.48
5.96
5.45
7.4
2.57
12.47
5.84
9.57
5.13
3.68
8.63
4.42
3.03
5.36
9.31
7.95
3.85
6.44
8.76
21.05
28.04
27.15
27.54
26.71
36.47
24.69
34.76
30.51
30.95
33.19
24.51
30.75
35.53
31.14
33.65
25.08
35.64
13.79
23.93
9.83
14.69
7.19
11.08
10.44
23.26
7.93
16.87
19.83
12.62
22.07
13.52
10.02
14.21
15.69
22.88
27.81
23.39
7.69
9.72
10.66
8.33
8.69
6.98
13.04
15.04
9.84
11.29
16.9
18.77
17.26
11.29
14.17
15.42
20.65
33.41
19.69
20.27
22.79
26.19
22.62
22.89
23.45
26.56
30.06
26.54
9.86
14.34
32.53
17.16
23.45
19.22
24.72
20.69
11.34
36.49
32.61
29.74
21.71
27
21.3
24.88
26.9
29.38
28.28
27.34
33.77
30.62
23.3
28.32
25.28
34.62
32.7
23.65
33.11
12.62
5.72
8.64
16.36
9.71
11.06
5.54
14.69
15.42
8.92
7.17
6.29
10.11
7.98
7.89
11.96
8.51
12.14
20.58
22.38
13.47
12.29
12.71
15.85
16.86
16.7
20.88
23.54
20.5
11.95
10.79
12.63
13.36
21.21
19.98
20.16
21.85
16.92
16.45
18.61
17.23
19.82
6.63
12.18
4.52
12.01
5.95
20.3
2.91
11.76
3.66
2.17
3.72
9.34
14.96
4.02
4.62
4.44
19.02
16.83
14.27
11.6
20.26
16.03
16.5
19.23
20.77
13.51
20.16
16.6
20.21
23.43
17.08
18.78
15.06
16.44
10.33
13.55
7.97
6.96
11.95
5.1
5.37
11.47
8.22
9
9.48
15.98
8.06
12.11
11.18
15.86
3.72
12.41
11.76
11.6
10.16
10.61
10.2
9.56
7.07
0.81
5.57
4.48
9.68
9.51
3.83
5.99
6.95
4.94
11.46
8.45
11.2
29.23
30.37
25.39
21.9
19.77
16.35
18.42
15.06
22.58
25.07
23.33
21.17
16.93
26.4
20.7
23.26
30.91
23.19
24.78
29.4
18.23
11.69
21.34
20.35
18.56
30.04
24.03
20.35
18.89
24.73
15.91
14.04
21.11
19.32
15.14
20.18
23.64
34.55
16.81
18.55
14.22
19.73
18.71
14.3
6.92
15.15
15.15
16.22
11.59
6.86
8.03
9.23
8.26
7.19
9.13
14.97
6.28
11.92
3.26
14.96
18.93
21.27
19.29
21.97
15.86
24.5
17.75
11.72
17.4
19.31
16.79
13.88
18.7
3.68
14.3
13.94
15.24
17.96
7.13
6.47
5.91
7.02
15.59
16.79
9.95
17.18
16.96
14.67
16.71
15.21
21.84
21.83
19.95
7.79
14.9
11.53
9.59
7.81
7.12
18.63
12.38
16.49
1.57
14.62
1.55
10.19
11.78
6.77
8.13
11.52
26.02
14.5
13.4
12.06
19.09
13.56
4.34
7.81
7.59
15.93
14.61
14.5
12.36
17.63
12.74
10.24
18.41
19.62
9.1
10.76
10.26
9.26
14.6
9.18
7.16
3.27
7.47
6.55
12.13
3.87
18.98
16.38
12.31
14.94
20.79
25.64
34.19
28.67
21.67
34.72
39.48
26.3
24.85
31.4
30.08
30.46
42.48
31.37
33.29
35.79
28.85
33.23
29.14
25.08
23.41
34.06
21.49
25.23
21.25
24.21
17.88
21.73
21.2
25.92
22.06
25.29
20.89
27.02
22.08
23.35
18.53
23.44
20.62
20.96
22.09
20
16.87
20.12
18.15
25.28
15.54
22.94
35.26
31.72
19.8
18.06
21.97
24.25
25.64
22.56
23.94
15.98
25.26
22.03
23.39
26.14
33.43
30.11
28.99
28.89
31.19
34.4
30.19
25.3
31.63
30.68
20.44
30.04
23.25
20.33
30.83
31.1
29.01
38.21
30.62
27.86
28.6
22.13
22.49
16.97
27.59
23.41
18.51
20.7
27.83
19.98
20.36
18.27
19.14
10.6
20.24
15.92
26.44
23.36
18.11
18.29
15.64
23.83
26.25
25.85
19.69
30.9
31.36
23.02
17.36
24.21
11.98
21.07
19.8
20.51
14.57
5.25
11.27
26.04
4.93
7.23
5.13
20.72
12.32
1.82
7.08
3.38
1.31
6.45
7.44
7.55
8.7
8.66
14.21
14.24
9.11
25.46
26.42
23.71
23.34
21.79
19.55
25.29
23
21.24
18.76
14.95
20.11
22.74
24.97
21.6
21.66
18.04
21.88
12.66
16.65
18.73
20.36
24.81
21.33
12.11
17.51
20.4
19.42
16.24
8.62
3.58
6.65
14.28
22.18
30.73
32.78
37.31
31.07
22.3
27.07
17.74
12.52
22.43
16.03
16.56
15.52
15.4
9.51
15.21
4.23
2.2
4.29
2.72
10.03
8.09
2.09
2.37
1.91
5.25
9.61
0.86
1.53
8.26
3.36
0.78
3.74
3.47
11.42
6.94
11.67
30.19
22.77
11.72
5.81
22.84
16.24
16.9
13.75
13.08
15.58
15.15
15.66
22.39
22.56
22.39
20.17
28.6
16.71
6.16
25.79
18.51
23.8
17.35
14.67
10.31
6.51
17.54
15.44
17.22
5.77
13.74
7.18
13.71
25.01
18.74
20.14
5.96
14.44
9.32
11.63
17.65
12.41
16.77
8.08
16.84
19.95
13.38
15.36
17.62
11.58
16.32
11.69
18.67
4.2
14.01
9.9
15.47
16.21
12.84
11.88
12.35
12.05
10.2
5.7
10.28
9.47
11.33
11.48
11.93
12.84
11.06
13.5
10.79
11.9
11.66
9.63
18.46
18.84
5.51
9.14
12.57
16.35
14.36
18.62
22.19
26.57
17.81
19.72
21.59
34.09
14.71
15.43
8.35
13.63
18.31
18.15
21.08
21.24
15.96
16.5
21.43
16.98
14.41
17.64
22.01
18.39
25.98
21.6
21.9
14.51
10.28
11
8.26
14.36
11.42
10.02
14.7
15.05
12.37
9.87
10.47
10.12
12.23
10
11.53
16.53
15.54
16.46
12.38
11.04
22.27
14.02
18.97
14.34
20.2
25.77
30.7
21.6
27.52
16.2
11.54
23.67
28.39
9.65
20.46
0.3
8.18
7.31
3.03
3.75
3.86
6.6
3.66
5.26
7.76
6.62
8.18
7.48
8.49
9.02
10.79
16.48
6.63
6.11
7.37
34.17
30.15
32.29
25.92
25.02
27.84
28.33
31.22
20.93
27.79
26.4
24.82
32.71
34.44
29.92
15.92
22.24
30.19
35.35
24.01
36.91
32.15
33.8
25.47
41.61
41.34
29.08
26.73
37.99
43.68
28.32
43.81
30.39
22.3
21.45
19.64
13.57
15.75
17.33
12.48
10.25
15.45
16.27
14.05
13.84
18.58
18.67
13.54
13.81
16.64
15.23
12.8
12.24
20.9
32.2
28.55
29.23
35.78
32.3
21.27
31.7
22.71
35.91
27.73
27.26
21.85
33.25
26.63
29.65
19.34
24.32
19.59
27.67
37.91
33.59
28.59
31.7
48.84
33.62
41.17
39.91
29.05
48.93
30.31
39
34.26
36.09
33.81
37.11
41.07
40.48
30.1
15.72
20.24
21.05
24.86
28.38
21.22
21.88
14.96
22.54
17.07
18.62
15.93
12.93
18.51
14.35
19.83
16.67
17.62
19.38
21.82
26.14
28.15
22.47
23.95
20.16
17.75
21.15
21.81
20.31
19.73
18.05
12.65
21.18
22.13
20.17
19.48
16.97
22.8
19.56
33.45
30.58
28.07
27.12
33.25
31.18
32.02
30.19
32.54
32.72
37.8
35.89
27.28
23.28
21.99
17.85
22.74
20.17
31.37
22.97
26.46
25.1
28.75
30.94
26.16
26.9
26.4
22.76
30.83
29.46
31.7
18.4
26.63
21.37
27.78
30.24
29.8
27.61
17.89
8.39
8.99
7.28
12.11
5.77
4.11
5.9
7.88
5.04
11.3
6.32
8.17
5.61
11.18
9.22
7.22
4.24
1.9
4.5
3.86
23.16
12.58
27.04
16.87
12.27
9.8
16.65
21.67
18.49
10.6
22.49
11.78
19.52
24.41
23.24
32.41
17.82
29.04
16.63
21.46
23.03
19.17
24.36
21.89
27.56
25.28
33.32
29.59
18.94
31.66
26.57
10.42
19.69
11.81
20.32
15.9
9.84
13.3
9.33
16.65
34.46
39.4
25.9
26.45
25.04
30.45
31.33
28.35
26.77
30.73
26.81
34.68
27.18
28.68
18.86
27.07
18.96
14.4
17.72
22.32
36.9
24.36
18
24.21
39.87
32.23
29.56
40.22
32.25
35.95
27.86
20.56
19.14
10.09
10.24
10.33
8.84
9.25
7.71
8.85
5.32
7.14
4.41
7.48
5.41
12.44
2.42
3.85
4.71
5.89
10.53
3.93
10.56
7.69
9.45
4.97
5.76
9.22
10.12
10.61
13.4
14.71
11.89
8.24
18.78
15.79
6.45
3.23
10.2
7.52
15.49
15.8
10.41
16.69
10.76
11
2.68
5.37
9.41
11.13
7.15
2.78
5.36
2.93
8.28
4.88
2.09
7.72
14.23
12.99
11.48
4.51
29.04
38.89
23.6
32.35
24.39
46.73
41
25.17
19.37
24.9
30.79
28.11
32.38
26.34
37.73
51.12
36.66
42.89
24.28
27.25
28.41
29.54
19.87
26.72
25.71
33.07
31.23
15.92
11.5
14.06
22.59
24.63
21
15.04
20.8
14.32
20.11
21.59
9.81
10.74
10.4
13.22
9.28
10.86
11.68
14.36
13.58
11.75
17.28
15.44
15.27
18.5
13.59
16.95
18.98
17.3
16.56
16.98
11.55
23.2
19
9.7
6.42
10.06
9.46
7.41
10.83
3.56
7.1
1.62
6.83
6.83
3.54
15.11
15.44
19.36
6.52
12.54
3.59
7.39
3.68
28.18
22.25
37.59
29.11
27.11
12.26
20.52
17.82
23.3
31.63
10.9
15.33
15.25
16.15
21.7
17.35
17.32
8.77
11.33
20.44
21.18
25.61
23.08
24.49
16.8
19.26
9.93
13.17
36.88
29.36
31.65
33.25
23.75
21.01
28.07
24.4
33.16
23.15
34.79
28.78
27.29
15.87
18.1
23.15
25.84
14.24
18.06
5.34
1.66
2.29
4.65
6.91
14.45
14.74
17.13
14.54
18.75
10.62
9.65
17.19
2.97
6.87
20.3
7.45
10.16
10.57
8.08
11.57
12.47
9.07
20.69
14.2
15.03
13.55
18.76
16.55
17.01
8.13
15.23
8.51
11.21
11.11
14.91
12.71
18.47
17.89
23.81
25.75
27.45
29.5
29.78
42.67
31.66
30.67
29.69
27.14
27.66
14
26.77
35.1
22.57
35.85
29.75
18.84
23.92
24.62
31.02
29.69
30.36
24.13
23.46
15.48
18.51
17.64
23.84
25.15
10.63
3.06
14.19
8.57
8.04
5.83
34.33
41.89
34.6
36.98
35.34
39.06
36.21
35.24
31.49
40.19
43.13
43.43
32.66
46.54
42.58
43.79
33.06
39.58
47.94
15.23
17.07
13.38
18.27
22.03
26.6
26.33
19.84
18.24
20.22
12.75
15.69
27.2
13.27
18.52
14.06
26.26
21.3
20.32
21.13
24.73
36.1
29.3
35.8
25.31
27.93
25.92
27.9
24.71
25.83
27.03
25.98
31.15
28.82
29.52
29.34
39.58
31.72
32.82
26.53
27.41
25.65
27.1
25.88
8.38
10.98
28.48
9.17
22.13
5.34
10.03
7.2
5.02
12.64
14.92
10.51
12.48
16.33
10.77
15.48
9.42
14.75
10.81
14.5
8.83
16.22
9.27
14.21
12.73
17.08
7.48
9.6
20.05
15.07
15.22
31.59
33.31
29.07
26.31
25.9
17.78
24.92
23.67
29.45
23.26
22.47
23.83
35.48
36.35
40.85
46.17
44.17
4.54
14.33
6.79
8.06
1.47
9.12
5.12
8.52
2.93
5.1
5
4.37
8.61
3.65
3.74
7.37
17.38
4.47
8.25
8.08
13.84
15.56
15.3
8.63
6.67
10.14
8.61
9.69
9.83
12.03
8.18
10.74
8.38
16.2
7.06
10.05
8.73
8.95
5.73
6.16
18.38
29.95
22.88
29.48
25.47
36.96
23.85
25.43
29.96
21.9
22.61
29.48
33.02
24.75
30.07
29.29
27.99
30.92
31.17
33.88
12.23
12.62
10.81
7.62
14.22
7.1
8.7
17.12
6.55
5.14
1.82
4.89
10.44
5.68
18.01
13.24
10.71
3.93
36.88
49.54
49.41
41.4
26.36
28.07
26.64
26.95
40.7
40
33.7
47.06
44.48
34.58
42.52
40.87
12.07
20.73
19.92
20.56
14.42
16.58
16.84
19.62
23.23
18.48
19.65
16.87
19.91
21.23
18.12
23.68
22.49
21.13
16.2
17.14
20.55
21.15
20.47
23.05
23.33
23.66
23.43
24.95
28.76
23.96
29.74
28.01
24.45
24.37
22.23
23.31
23.59
24.95
22.97
20.67
16.24
10.4
16.28
15.51
18.08
12.36
18.93
27.39
19.83
25.56
22.91
19.4
12.44
7.75
19.47
17.85
15.55
20.84
22.22
13.18
6.64
10.09
7.56
10.8
6.32
3.25
5.13
6.54
3.86
8.16
0.32
16.43
0.92
4.03
9.32
12.99
9.74
2.31
32.57
26.46
19.62
21.77
21.52
18.68
17.63
31.35
23.96
29.58
43.05
39.9
31.21
16.27
10.29
23.12
38.45
41.34
15.17
13.89
19.93
11.18
13.77
19.75
18.32
15.88
17.32
17.18
16.72
16.19
16.37
19.05
18.34
14.09
18.15
15.56
12.83
17.84
42.01
38.44
33.35
35.82
33.45
38.59
28.91
48.61
37.25
32.97
42
43.81
45.79
39.01
41.61
33.83
36.87
36.89
33
22.49
26.33
23.12
18.49
31.52
27.61
17.69
31.47
34.08
19.13
17.69
21.35
26.34
40.8
25.28
34.55
28.29
11.12
18.59
18.69
14.26
31.11
14.43
19.33
8.19
22.56
15.78
24.13
25.36
23.75
20.84
11.84
10.71
5.13
13.32
18.6
6.18
2.62
8.02
12.38
17.05
5.97
10.34
9.54
2.97
11.35
5.01
12.65
9
8.3
4.87
9.32
7.29
7.39
9.06
8.81
12.65
6.67
8.75
9.23
7.05
15.72
7.66
6.16
13.21
14.28
18.5
10.14
7.18
9.57
19.81
16.27
17.06
20.85
18.41
26.21
19.48
14.99
25.11
12.8
16.97
18.7
20.54
18.15
20.07
25.03
23.73
17.76
16.02
19.78
25.81
22.78
23.78
23
27.58
17.98
21.85
17.94
16.91
8.05
16.38
16.27
20.98
20.1
24.12
23.01
12.55
20.38
20.08
18.43
12.09
10.25
13.3
20.43
18
16.68
24.04
20.47
17.33
27.18
20.47
38.96
28.08
27.87
29.22
24.02
20.96
30.53
37.76
27.91
27.09
9.94
15.83
23.88
23.99
21.48
20.65
21.86
15.75
16.21
28.05
25.76
10.78
11.22
20.94
20.8
25.14
23.56
14.9
14.44
33.03
28.66
33.98
21.56
16.74
18.32
17.24
16.76
13.12
23.09
18.7
17.12
23.64
21.52
22.11
18.33
18.24
17.02
27.66
18.07
18.87
32.41
29.58
36.22
32.27
29.58
16.32
16.52
20.67
23.27
20.71
21.03
12.74
20.16
23.67
21.83
16.97
17.91
20.41
19.42
14.84
13.97
9.87
9.16
14.73
7.89
9.85
6.82
14.67
11.19
11.48
15.89
16.8
10.45
9.47
12.55
4.22
3.08
14.44
15.07
11.77
12.36
10.69
14.71
10.05
9.4
13.81
14.6
8.96
11.04
10.96
13.19
16.47
9.87
27.1
10.21
17.13
19.56
21.75
27.83
20.88
17.86
21.32
21.06
25.33
18.34
30.15
16.97
30.25
27.99
24.51
26.93
12.41
5.3
9.76
14.87
6.59
8.58
26.16
23.61
35.21
20.58
27.23
24.19
35.06
26.85
35.3
31.72
28.03
4.39
5.44
4.68
13.18
9.12
6.85
6.3
10.06
6.99
10.02
2.46
5.11
3.18
11.91
14.84
20.65
10.51
14.32
8.12
14.85
6.14
8.32
8.58
8.54
4.15
5.37
3.99
7.86
5.5
5.67
3.59
4.42
9.58
15.32
6.79
16.29
8.47
22.68
13.36
20.12
27.45
13.05
18
22.29
31.02
35.31
25.53
27.94
25.41
29.08
9.21
15.57
14.44
17.85
15.32
13.22
9.39
18.42
28.79
27.44
27.44
17.81
26.06
19.1
20.82
24
28.02
24.3
23.26
26.35
23.05
24.15
26.26
13.65
21.71
28.89
22.12
20.91
22.94
21.38
24.6
12.68
15.54
19.52
18.07
24.13
20.77
14.73
23.28
25.23
30.34
25.4
32.54
22.27
31.75
22.1
30.02
27.26
29.7
24.05
28.28
29.13
22.48
14.68
25.15
32.44
23.77
21.11
28.76
21.65
24.3
24.23
22.73
24.5
27.68
26.36
41.9
37.12
47.12
37.05
30.96
29.55
32.44
32.76
24.97
28.83
35.98
29.53
24.94
23.83
22.71
32.41
7.7
11.32
13.92
18.25
15.11
17.96
21.17
16.4
18.14
14.9
15.84
22.15
20.78
18.16
19.35
18.69
16.19
18.86
19.47
20.04
15.17
11.15
13.55
21.49
10.12
13.57
11.3
11.67
12.38
20.97
13.26
19.02
13.27
19.53
14.75
9.95
2.96
9.32
14.38
17.03
18.68
17.86
18.28
19.67
14.25
13.07
8.29
12.18
11.6
12.99
10.63
10.27
9.5
8.59
10.18
9.66
7.36
8.23
14.06
8.32
19.34
19.02
20.11
15.47
18.01
18.19
17.06
16.69
15.49
16.23
15.1
17.32
18.21
17.01
17.4
15.35
14.64
16.05
14.88
11.59
4.77
17.55
7.91
7.91
14.38
10.82
11.48
8.9
10.95
11.5
13.9
10.23
14.6
14.27
12.58
28.74
40.77
18.72
27.86
5.84
17.72
14.61
10.94
8.37
12.28
9.7
18.85
15.59
12.93
11.06
14.67
17.09
4.62
14.18
9.57
7.39
16.79
5.33
9.39
12.54
7.37
9.29
7.24
4.89
4.57
7.23
9.64
4.36
6.8
7.56
13.58
10.81
11.78
9.84
10.7
13.4
11.71
10
1.5
7.77
9.01
12.99
20.17
11.78
32.25
17.63
29.19
31.52
29.17
34.24
25.15
14.5
11.39
6.69
27.92
27.71
29.05
34.36
24.76
16.2
22.02
30.63
25.49
24.74
26.52
22.23
27.22
25
31.86
30.58
23.88
19.51
25.37
21.64
43.51
21.2
30.72
27.45
29.38
24.52
35.23
30.14
23.32
25.1
16.65
21.98
22.47
18.66
21.31
7.79
5.34
8.35
6.07
14.14
7.74
7.14
2.79
15.04
12.26
17.37
11.4
10.34
13.98
6.95
7.89
0.99
9.87
14.91
4.42
14.65
8.36
8.39
12.77
3.8
6.79
14.72
14.16
13.1
8.91
11.77
15.17
7.32
15.44
10.15
16.55
14.44
17.21
16
20.58
15.81
18.07
12.31
17.47
18.12
14.46
8.11
9.09
11.48
11.29
17.56
17.63
10.38
11.45
10.59
15.7
11.37
17.09
15.19
13.57
29.86
26.03
27.14
24.24
30.89
31.52
22.79
24.97
26.5
24.99
24.93
21.5
19.97
19.38
16.35
18.03
18.14
23.21
19.16
18.95
31.93
40.68
46.77
41.59
34.47
30.84
36.47
31.95
33.87
29.01
32.23
33.72
23.47
35.43
31.65
31.56
25.45
28.02
30.84
27.49
31.01
33.39
22.51
20.68
16.24
21.64
23.09
24.77
30.08
37.63
34.25
30.1
26.1
25.17
19.15
17.75
23.33
14.92
21.21
23.72
12.56
13.35
25.42
19.29
19.38
18.46
20.86
8.21
18.52
8.71
12.45
13.35
19.03
8.89
9.57
15.86
19.03
9.78
6.12
20.72
16.81
15.8
8.5
4.42
1.9
13.23
11.01
12.62
19.93
14.61
12.04
16.48
28.52
20.67
22.42
19.88
21.64
20.59
23.95
23.79
24.24
26.25
27.21
23.84
27.37
25.15
19.54
19.43
18.2
21.91
23.88
35.54
11.17
23.56
10.94
19.25
22.06
12.75
8.72
14.2
16.55
12.97
4.23
10.99
11.6
4.97
5.83
10.49
6.04
13.21
11.61
15.11
27.71
20.93
28.18
25.02
25.06
26.74
25.49
28.82
20.84
27.82
25.6
25.49
25.48
23.42
23.56
23.06
25.78
32.83
26.73
34.37
13.49
9.38
11.45
10.63
15.12
16.49
15.99
11.65
14.39
14.49
11.88
16.49
13.32
17.02
15.16
17.35
15.5
17.33
17.42
17.3
22.54
19.24
19.65
10.58
25.72
20.87
19.37
26.66
23.11
29.07
21.26
20.82
20.63
22.47
22.23
33.64
29.04
15.43
11.01
3.74
17.2
13.61
5.95
5.64
7.45
4.95
13.51
7.92
12.83
26.33
6.54
5.09
3.34
13.53
10.89
17.7
7.85
12.6
12.34
17.18
14.31
9.42
11.43
7.69
11.34
11.56
13.53
12.27
6.01
8.2
10.38
12.88
12.68
32.35
22.37
19.67
18.49
23.85
27.74
17.36
30.91
24.42
25.24
22.58
21.76
26.38
25.55
30.79
31.5
28.18
43.79
29.4
19.01
10.62
9.01
6.15
13.43
19.51
11.2
8.2
7.65
8.89
6.54
6.11
10.07
0.64
5.59
5.9
4.94
3.78
8.5
12.65
3.6
12.51
6.82
6.23
3.61
13.77
9.89
9.24
7.27
4.4
8.23
15.61
8.69
6.43
1.57
8.69
9.42
7.92
5.99
10.06
14.17
15.36
11.64
11.57
14.91
14.79
15.19
12.97
17.9
18.54
18.11
13.08
19.37
16.32
16.78
17.72
14.93
16.44
14.56
25.75
17.33
29.62
20.28
23.6
16.23
17.87
28.05
30.77
23.29
18.71
21.96
8.43
7.16
8.11
11.57
21.52
20.88
38.62
34.66
41.09
37.2
33.37
29.81
32.89
30.04
33.91
33.31
29.5
28.17
29.71
31.62
40.43
29.95
33.38
27.77
23.75
17.19
27.11
31.46
25.82
30.57
24.29
25.03
26.05
30.34
25
31.46
31.47
19.8
32.83
30.88
33.98
33.52
10.72
13.62
14.59
15.76
8.9
10.86
15.34
18.18
15.17
12.69
8.04
9.65
11.22
17.98
12.75
9.76
13.32
15.43
14.94
16.06
33.98
42.56
38.81
38.82
32.95
38.58
45.1
37.82
29.87
30.56
38.41
31.37
37.29
37.33
35.64
36.95
31.47
42.09
33.54
19.23
24.21
31.96
15.11
20.34
14.55
12.3
16.52
24.04
35.55
16.48
34.55
22.63
21.52
11.5
32.38
30.7
23.34
29.26
33.31
24.19
27.1
21.03
20.98
18.77
23.3
17.75
20.75
25.3
18.51
18.33
21.56
20.85
24.98
23.75
17.93
12.97
6.52
4.98
9.19
10.89
4.86
15.25
9.02
7.16
8.42
3.43
4.57
8.34
4.81
6.83
3.7
4.82
4.83
16.4
10.13
9.5
7.18
17.44
13.7
17.76
4.55
17.51
18.1
11.2
12.12
13.9
9.83
11.41
14.57
16.08
18.81
13.45
8.07
13.4
17.89
18.07
16.45
19.19
2.53
6.44
8.74
2.78
5.4
14.99
5.69
7.14
4.62
5.91
5.86
9.56
8.97
3.23
6.02
8.58
21.91
26.15
28.32
19.45
22.4
18.64
21.99
21.31
22.54
17.72
24.87
30.42
31.61
11.59
16.5
18.78
23.08
31.98
29.51
20.73
17.08
9.84
8.2
1.8
13.41
10.17
17.54
12.88
16.65
15.94
14.08
14.12
15.56
10.84
9.35
12.69
12.83
9.3
15.54
18.02
12.88
15.28
20.01
18.94
15.98
12.14
13.87
14.83
24.83
21.09
16.32
21.4
22.36
28.47
20.02
21.95
25.38
19.09
24.43
13.33
13.09
8.81
6.92
16.77
12.2
7.14
35.61
38.83
31.56
26.7
32.06
30.36
31.27
25.92
19.63
18.47
26.74
9.5
13.09
8.81
6.92
16.77
12.2
7.14
35.61
38.83
31.56
26.7
32.06
30.36
31.27
25.92
19.63
18.47
26.74
18.88
24.36
23.4
23.82
18.88
19
25.64
24.16
20.39
20.31
22.76
23.9
20.33
17.74
16.17
17.26
28.04
31.97
24.21
26.34
29.46
26.84
27.26
36.31
27.55
27.39
30.85
16.06
23.98
31.53
23.62
16.39
26.97
19.33
31.79
35.87
8.35
21.35
21.63
19.14
29.35
27.49
16.35
9.11
12.35
16
23.35
15.06
40.17
28.19
22.23
16.57
20.11
10.37
14.83
12.05
13.37
1.91
11.58
14.54
2.33
9.61
12.7
8.36
6.04
1.84
3.73
7.72
6.53
10.84
8.35
5.04
9.18
11.22
6.24
15.07
17.01
13.29
11.87
9.29
9.58
6.59
5.63
7.91
20.13
3.9
5.75
14.34
17.62
6.54
11.44
18.71
8.03
5.87
9.81
8.79
9.62
13.1
8.96
5.5
10.98
7.29
8.45
4.11
8.84
19.1
18.42
11.11
12.91
10.25
19.01
19.57
21.79
13.92
19.44
14.71
23.78
25.15
22.54
21.39
25.24
24.95
24.78
15.26
21.55
12.39
19.51
19.64
20.94
5.88
16.86
6.49
3.49
3.73
17.45
7.88
3.61
5.68
7.61
9.29
15.33
6.45
10.64
7.56
8.52
33.42
46.29
32.12
33.5
29.79
24.69
34.33
26.06
25.96
23.88
26.76
29.05
33.2
34.2
27.93
34.26
42.09
17.01
23.19
24.3
22.03
25.29
20.45
18.51
13.42
22.73
17.97
18.8
20.49
16.9
32.95
23.67
21.14
25.16
25.27
14.13
24.29
41.07
33.13
38.88
35.4
35.06
32.25
22.99
31.98
30.6
27.34
28.32
25.63
25.61
33.69
29.31
26.34
27.13
25.74
17.69
22.09
11.59
14.84
13.84
13.67
9.43
2.41
11.38
4.34
15.71
7.27
8.64
11.37
4
3.96
9.32
11.22
8.67
7.67
8.99
7.25
9.09
11.76
28.32
5.24
8.04
7.83
4.26
5.23
11.44
19
20.23
26.85
15.8
16.45
21.52
13.31
7.02
16.33
9.95
13.92
14.28
18.26
15.08
17.77
11.91
12.35
23.29
24.4
15.84
13.64
11.84
13.57
11.19
23.01
20.39
12.6
14.66
19.7
27.17
11.44
33.2
23.19
16.28
29.29
32.35
40.21
49.04
39.39
37.72
26.33
25.32
35.24
29.69
23.06
33.41
26.8
43.58
25.19
25.28
25.08
36.02
30.3
32.51
23.85
32.31
30.82
18.68
23.02
16.36
23.64
20.96
18.73
25.19
19.61
27.57
18.82
13.46
12.85
18.92
12.45
14.2
20.75
25.18
21.05
17.5
16.41
16.28
22.88
23.14
25.53
29.93
21
26.38
26.9
20.72
25.52
21.04
20.07
24.24
17.33
23.17
18.7
16.94
14.17
8.99
8.52
16.79
17.96
15.73
17.24
16.71
14.02
12.53
18.01
16.18
24.04
33.23
43.31
33.77
15.85
30.46
23.75
37.84
40.48
20.35
26.36
21.09
22.71
42.64
19.73
38.27
37.89
46.44
43.94
53.52
19.95
27.51
15.82
30.33
23.46
26.95
21.66
21.62
26.46
16.95
21.61
21.83
21.07
25.37
23.86
25.07
24.54
29.57
25.11
22.67
25.53
26.21
14.92
24.56
30.4
23.7
26.74
25.45
13.29
18.8
26.28
22.61
18.79
27.54
26.53
26.05
24.18
26.64
20.46
20.92
31.19
38.38
32.34
39.7
34.78
39.02
35.24
35.03
33.15
28.44
32.44
28.36
29.56
31.74
27
24.06
35.93
28.67
25.62
28.33
13.65
12.59
11.59
12.94
13.33
16.87
11.87
18.28
32.18
23.75
22.67
29.33
34.66
22.48
11.42
33.05
24.66
25.33
20.48
25.48
16.58
21.08
28.26
25.44
42.57
29.43
30.95
30.53
43.91
29.37
23.04
11.44
26.88
16.75
12.98
15.73
20.81
16.01
24.5
24.19
11.62
20.75
16.99
14.8
16.95
18.26
25.62
20.73
17.17
15.12
23.81
22.68
15.48
9.03
12.53
30.27
22.96
23.74
18.28
23.01
13.85
23.13
20.68
19.72
11.04
20.16
18.35
20.72
31.59
18.31
23.54
26.32
29.77
21.02
33.44
29.76
23.14
18.01
17.72
23.59
23.57
16.21
9.54
31.87
35.54
16.37
28.79
28.44
18.64
23.06
15.61
18.45
16.61
20.27
16.97
16.55
14.13
21.69
17.62
19.72
20.22
11.98
15.68
14.39
15
18.96
18.44
18.63
24.69
28.26
34.01
22.7
25.48
16.9
25.82
25.03
6.86
22.89
15.61
21.74
11.52
27.57
26.79
22.01
22.13
17.07
20.41
16.98
6.2
5.88
11.15
11.63
6.34
4.71
1.96
3.6
2.95
4.55
5.34
2.89
6.48
7.95
6.74
17.04
4.48
3.01
8.48
11.11
7.46
14.41
6.16
9
17.21
12.24
12.52
5.58
14.42
4.35
12.61
23.33
9.44
17.85
23.58
18.03
8.33
28.11
17.25
12.58
18.9
2.79
10.8
12.84
11.34
9.35
11.98
4.13
14.32
5.89
8.47
5
16.82
16.74
16.31
18.06
20.19
15.29
29.05
33.92
17.01
30.02
22.79
26.35
27.52
30.88
19.44
22.08
14.47
21.89
16.77
20.14
24.23
24.83
17.8
25.85
17.58
18.88
16.93
17.27
10.5
21.46
17.37
11.89
11.54
10.92
9.6
16.29
9.56
22.05
14.8
20.08
4.34
6.8
16.08
15.57
10.83
12.35
17.59
28.24
14.15
4.65
7.04
16.83
15.63
20.82
17.7
4.62
21.46
20.17
33.39
30.08
34.19
21.33
31.47
31.03
38.31
34.24
16.58
7.34
32.38
19.7
12.11
16.99
38.23
35.09
25.83
28.26
23.42
39.77
34.1
25.52
26.76
27.83
28.74
26.69
30.71
31.2
25.28
35.69
38.52
26.1
38.21
19.7
15.36
21.87
15.98
18.33
18.71
5.99
21.17
20.7
20.71
23.18
28.18
27.06
29.92
21.64
24.22
20.85
24.56
25.52
28.35
19.98
19.49
12.56
21.62
19.71
18.05
21.77
20.08
17.45
16.78
16.46
17.43
16.17
18.78
19.37
23.34
21.84
17.25
19.59
21.39
20.22
23.02
20.24
20.47
18.96
30.31
22.07
32.13
24.14
27.2
22.08
27.61
26.84
22.89
28.74
31.32
36.04
23.92
22.09
18.92
16.87
27.72
22.77
25.93
11.84
15.07
11.07
15.28
4.69
4.2
6.47
5.15
6.14
9.83
13.51
12.11
2.96
11.44
6.36
7.78
7.09
21.43
25.52
26.76
27.83
28.74
26.69
30.71
31.2
25.28
35.69
38.52
26.1
38.21
19.7
37
38.82
30.56
22.61
27.48
30.47
25.53
30.72
26.69
33.82
35.41
37
26.67
39.74
32.75
23.45
38.09
37.9
37.51
45.72
17.3
9.89
8.82
8.72
9.28
7.66
6.13
14.42
5.34
11.67
7.45
2.57
8.86
8.57
4.14
4.61
8.59
7.8
13.64
8.81
31.48
25.7
20.44
24.26
24.18
21.4
23.98
23.44
22.55
21.95
25.5
24.19
20.11
17.5
17.42
20.14
19.63
19.84
20.34
19.6
0.97
14.39
3.33
10.66
10.85
15.59
3.27
4.74
7.05
13.28
4.87
13.25
10.17
9.56
6.44
4.38
11.96
5.9
12.62
18.89
15.22
10.21
11.92
19.74
12.74
12.67
14.75
16.62
19.28
23.6
17.39
23.62
24.14
18.88
19.61
6.96
20.38
17.35
11.37
8.2
7.91
16.73
6.64
4.37
12.38
13.14
12.99
12.58
18.8
17.83
12.97
19.65
17.09
14.8
14.83
7.7
20.71
5.44
18.68
1.71
9.34
3.63
8.09
12.47
2.69
10.98
3.89
6.07
9.45
1.68
3.2
5.66
8.08
10.1
9.38
9.05
13.67
15.03
9.62
16.15
23.26
13.7
8.22
7.79
4.52
12.96
1.19
12.16
12.17
12.9
12.22
7.11
19.93
15.07
17.85
14.42
12.23
12.56
13
16.6
12.8
17.76
15.08
10.06
11.46
13.95
16.95
17.69
12.64
13.55
13.57
10.71
10.71
6.51
29.76
23.79
23.62
27.03
40.23
23.77
11.2
27.94
34.87
18.84
21.68
29.3
14.15
36.3
29.2
30.51
27.22
33.23
29.09
25.12
17.25
16.75
14.93
15.83
14.53
23.72
18.94
22.15
17.26
20.83
22.47
26.64
14.43
13.21
22.86
21.91
18.53
9.83
23.53
18.39
17.07
22.7
21.11
23.83
14.28
17.06
19.68
22.08
25.96
31.62
35.1
39.23
38.16
35.99
28.45
22.1
26.28
32.97
27.8
5.24
2.73
1.73
3.95
2.71
3.92
7.78
8.57
4.68
2.78
3.83
3.28
6.02
2.85
1.53
2.62
2.51
2.92
7.38
1.11
19.94
0.6
27.23
24.14
22.83
27.53
17.89
30.75
21.74
21.07
6.4
10.93
12.5
4.64
15.41
8.58
16.43
10.11
14.31
10.42
21.43
21.61
11.79
18.97
12.87
23.8
19.03
22.4
23.74
19.33
20.73
21.06
20.28
20.28
15.39
34.06
36.62
28.42
15.54
20.14
9.4
12.37
15.63
9.92
8.96
8.75
8.86
13.09
10.32
7.36
10.45
9.55
5.82
6.44
5.64
12.91
11.22
9.27
8.79
7.42
37.84
28.07
31.37
40.04
23.25
34.03
32.04
34.01
34.84
29.23
31.39
38.4
36.37
33.11
26.75
27.43
25.56
12.17
10.19
7.81
17.98
8.83
10.66
15
8.05
16.69
14.11
16.21
14.28
9.75
4.19
17.2
11.15
15.73
16.23
18.62
14.53
35.83
24.63
23.68
28.68
20.27
21.27
17.19
15.51
16.26
13.24
16.16
18.24
19.02
11.87
5.73
22.59
24.35
23.38
9.34
14.33
4.22
8.43
6.51
6.03
7.38
4.38
8.88
8.22
8.09
3.37
6.34
4.64
5.73
2.56
2.67
6.59
4.12
4.32
1.83
2.33
18.87
18.95
22.01
18.05
10.46
14.73
8.99
12.91
17.24
13.97
16.75
19.26
10.71
15.32
14.9
12.3
10.09
18.93
15.37
13.09
12.45
6.71
8.27
12.15
14.29
7.81
7.69
4.96
7.47
4.59
4.07
6.86
10.93
8.64
13.21
8.93
10.64
6.5
5.76
8.08
18.43
26.5
29.09
28.04
28.6
23.05
24.64
25.05
26.7
35.79
43.22
25.65
33.53
16.64
28.97
6.14
20.63
16.89
16.43
11.36
15.29
9.53
10.37
7.98
20.15
15.74
17.32
10.24
15.16
22.07
10.56
19.03
12.92
14.59
15.51
13.84
14.02
12.39
14.63
11.45
13.88
15.52
11.88
6.26
18.01
18.93
16.21
16.8
13.91
11.32
12.33
10.74
9.94
18.03
8.62
17.27
7.84
18.18
13.24
11.69
15.06
20.29
11.65
14.76
6.48
8.24
24.26
17.58
12.49
16.97
15.68
5.98
10.43
22.86
20.13
10.28
5.91
10.07
7.97
15.17
14.26
9.41
16.23
10.85
7.05
15.99
19.76
17.89
19.18
15.29
19.15
13.69
24.74
40.97
35.07
38.73
47.19
44.13
45.27
37.21
45.36
23.85
41.49
33
32.8
32.36
24.71
33.41
44.75
49.17
44.48
27.19
17.81
16.6
20.5
17.05
12.84
21.03
32.47
22.66
29.85
24.59
32.06
25.52
45.04
41.12
32.4
27.36
22.48
13.15
10.95
15.13
11.55
6.35
7.21
5.21
3.75
10.13
6.3
11.06
14.85
19.38
11.02
4.5
8.7
3.92
18.65
8.7
6.48
10.33
9.7
14.77
10.89
7.35
11.64
13.25
8.74
7.11
8.56
8.96
4.29
19.14
16.55
11.16
8.13
6.42
7.15
10.89
13.29
17.17
19.6
10.51
9.02
14.47
10.75
6.55
14.34
5.4
12.65
12.65
8.71
16.94
15.21
5.24
12.13
21.13
12.31
25.81
9.54
21.69
19.8
18.39
10.22
12.92
8.63
11.97
19.14
15.58
18.56
3.76
4.2
21.31
21.7
27.22
26.2
22.73
17.53
16.72
6.82
15.27
13.59
30.7
15.35
34.07
20.53
26.73
19.12
21.9
17.52
21.29
24.45
8.02
26.51
13.6
4.6
12.46
10.93
8.15
11.21
3.71
17.86
20.74
15.95
22.47
27.65
15.97
24.9
13.41
24.41
8.74
7.41
17.79
18.24
15.67
13.83
11.12
13.85
15.65
9.07
17.45
10.86
22.08
12.97
7.32
13.13
17.71
16.49
13.98
15.3
18.05
10.54
23.25
29.36
29.75
29.53
23.45
19.73
24.87
26.03
31.97
31.47
26.06
24.23
24.49
28.45
26.8
20.87
28.12
17.43
20.32
35.09
11.36
15.5
17.99
14.86
14.39
16.22
11.78
17.7
11.58
10.19
9.27
13.37
16.09
14.33
14.7
22.16
19.19
19.94
14.64
18.37
8.28
16.01
16.63
8.42
9.66
10.93
13.73
14.96
18.99
11.97
19.04
10.67
21.67
12.25
23.5
9.04
8.68
18.41
19.86
9.51
13.28
21.21
15.85
19.51
9.98
19.13
11.78
18.39
18.31
14.56
17.6
25.53
20.72
20.18
21.3
22.98
7.19
26.45
25.54
24.28
8.28
2.14
15.13
26.97
9.26
24.93
22.88
19.62
21.97
24.93
24.25
12.14
26.95
28.28
25.34
16.73
11.51
7.86
17.93
12.99
20.54
14.75
6.9
12.66
8.96
8.49
11.91
11.22
10.13
11.97
13.75
16.24
17.24
14.92
12.38
21.09
26.51
27.05
16.57
11.45
12.57
6.21
7.13
18.64
21.61
12.62
20.66
22.11
14.45
22.27
22.02
17.41
25.81
19.39
21
14.43
23.43
31.35
32.01
28.37
21.78
25.79
17.93
21.6
29.79
27.96
28.57
31.86
25.85
33.52
12.69
27.89
28.69
26.47
26.47
22.77
14.75
3.83
11.53
10.07
14.17
13.42
17.11
10.73
14.09
11.17
22.38
21.08
10.55
6.65
16.22
11.74
12.09
25.55
12.26
8.19
11.96
14.27
13.06
8.05
17.59
30.04
22.93
20.9
7.11
14.22
20.31
14.21
18.5
12.08
13.34
19.27
21.39
22.83
15.67
17.17
14.49
16.4
16.06
15.82
21.39
14.46
15.7
14.58
19.28
19.77
20.18
17.61
21.73
11.03
18.23
13.82
19.11
18.22
13.64
14.5
10.92
15.09
12.57
7.93
10.02
16.49
10.4
3.61
11.76
9.13
12.95
10.09
7.51
5.17
8.67
14.66
10.96
10.27
31.76
32.43
27.86
32.8
20.3
29.61
21.87
27.79
28.79
29.5
21.46
38.51
19.36
27.39
30.33
24.02
29.85
3.81
3.96
5.53
10.91
8.96
10.88
12.48
18.03
4.33
3.47
7.76
14.02
9.58
16.11
11.63
12.67
7.87
8.05
8.86
2.76
10.26
17.77
18.69
3.82
8.57
13.64
3.72
9.57
3.11
9.84
3.5
5.46
7.42
3.56
19.69
18.1
23.65
18.99
18.74
20.45
20.82
20.96
17.03
16.76
23.01
27.19
27.06
26.96
19.08
20.24
15.92
8.66
11.09
21.36
16.22
19.86
31.47
19.27
21.24
27.08
25.15
20.43
23.81
25.03
24.81
11.58
20.81
23.21
34.73
21.41
28.75
22
33.96
42.81
10.52
5.44
11.8
23.36
19.58
13.84
10.34
14.48
14.04
19.44
10.13
6.04
25.67
1.18
7.99
12.73
6.81
14.62
32.75
27.46
26.45
24.9
34.16
42.92
39.24
43.96
22.85
24.19
41.36
27.4
32.35
33.53
29.51
31.34
22.07
22.85
26.02
25.17
21.7
23.59
26.11
28.37
30.17
27.81
25.41
25.23
26
27.24
27.91
27.27
24.39
24.53
30.18
28.83
30.54
27.37
16.39
11.1
4.1
12.76
11.35
13.38
4.95
10.92
13.46
9.74
7.41
14.66
4.34
14.27
11.9
10.55
12.32
8.22
21.14
4.69
30.82
29.06
28.66
25.95
26.56
18.64
18.43
21.2
9.5
14.9
15.19
18.05
22.94
18.92
11.2
22.77
15.7
29.33
27.8
20.3
27.96
28.53
15.49
31.77
19.54
45.86
28.45
15.95
11.62
4.23
7.04
8.03
6.85
5.81
8.59
23.5
4.04
12.47
5.26
4.9
12.56
6.72
9.65
10.01
9.14
6.13
15.76
6.81
9.37
6.39
8.38
4.29
3.54
3.26
3.71
8.48
13.77
1.73
8.98
10.84
15.01
16.37
11.9
18.4
25.32
14.37
18.3
5.66
12.55
16.59
16.15
16.78
16.76
11.47
9.37
10.81
11.41
6.75
11.86
13.28
14.1
13.64
10.99
13.76
12.96
14.02
16.11
17.21
17.34
12.67
15.61
19.02
19
17.93
8.35
10.54
9.06
6.67
14.56
11.69
5.15
18.39
17.03
14.32
10.78
7.27
15.72
1.54
20.61
5.89
16.72
9.84
7.05
14.5
11.49
2.64
9.1
16.17
7.29
34.44
34.79
38.53
30.67
17.25
20.06
16.51
30.48
28.81
33.39
38.89
33.96
25.45
30.03
35.55
23
18.98
29.53
17.28
19.26
25.34
20.68
29.47
13.04
9.24
9.73
11.91
8.76
9.38
15.43
9.29
3.81
13.16
7.82
5.39
7.45
11.43
13.18
12.72
9.27
21.16
8.52
9.04
12.32
17.82
15.97
10.64
8.06
9.06
11.3
15.8
15.41
15.62
13.95
20.68
13.97
24.76
7.6
5.22
12.19
4.13
9.41
26.91
28.09
30.59
22.55
18.95
23.48
26.54
29.14
30.1
21.45
30.83
25.49
27.27
22.18
34.39
31.86
30.08
25.66
20.89
26.32
23.12
13.63
37.52
33.86
31.89
18.65
26.83
29.82
22.65
23.53
36.87
31.44
32.79
33.12
27.02
26.77
24.88
32.83
23.19
20.68
20.17
16.48
20.56
20.72
16.12
17.06
21.31
16.7
19.06
14.27
17.41
21.29
18.51
21.63
27.55
18.77
22.22
16.27
23.71
20.08
17.09
10.2
17.07
8.4
16.69
1.98
5.41
6.06
2.61
3.72
10.64
9.39
10.07
5.8
11.01
17.74
10.06
6.68
18.07
11.67
11.58
12.02
18.5
17.47
12.02
14.91
16.18
14.74
10.77
6.53
16.26
15.19
7.88
8.59
29.47
14.49
18.07
18.47
9.39
6.63
7.1
1.12
3.39
15.84
3.73
6.13
13.39
21.44
4.95
10.05
13.71
22.07
9.71
4.88
3.42
3.59
6.82
7.63
11.68
6.91
9.19
11.7
8.8
9.29
14.6
7.77
6.22
4.49
5.03
4.58
2.01
5.14
38.31
35.6
24.57
34.34
31.73
26.54
25.4
22.95
24.22
23.51
18.1
19.92
22.7
25.13
22.93
19.05
18.13
19.39
21.65
21.87
12.63
24.65
19.37
15.51
18.33
13.28
11.85
6.99
29.94
14.81
13.92
16.26
11.64
11.86
12.31
14.41
25.47
18.93
18.41
16.6
22.76
19.58
22.86
23.7
22.4
19.15
22.71
20.13
18.08
23.44
20.97
20.34
26.54
23.67
18.51
22.83
20.75
23.48
13.48
20.37
11.47
16.51
25.64
16.8
19.08
17.99
5.26
5.97
2.85
3.75
3.9
5.4
2.43
10.45
15.58
4.15
15.01
12.11
13.34
10.68
16.31
17.44
10.84
16.83
10.71
5.54
12.86
1.13
19.09
0.08
10.65
15.13
22.41
19.56
3
5.7
21.41
33.95
35.18
35.38
45.25
45.37
30.92
36.73
25.15
25.94
41.73
33.65
20.81
32.82
31.9
32.79
25.57
37.66
41.83
35.8
29.03
27.94
12.12
29.75
35.99
33.07
25.57
36.83
22.85
29.45
22.79
20.95
31.33
10.41
26.47
22.78
17.36
13.77
16.82
8.2
12.81
13.9
10.1
15.04
12.19
15.7
22.58
16.54
13.81
17.76
16.11
9.21
20.46
12.3
5.83
15.64
26.59
30.42
29.23
30.72
36.21
26.99
25.5
29.2
27.46
29.5
25.09
34.61
33.77
37.88
31.31
38.04
34.4
13.93
12.43
12.22
9.75
6.24
8.61
13.74
8.85
12.94
13.43
13.94
23.23
28.12
13.54
21.6
25.56
19.51
20.02
23.25
12.3
9.54
17.84
21.25
7.91
13.71
25.08
16.71
22.75
14.12
18.3
17.15
16.36
27.01
13.02
9.68
23.22
20.82
14.13
17.11
17.79
14.58
15.84
25.96
11.72
19.51
15.58
11.37
22.23
6.48
11.5
28.31
10.87
11.87
11.83
10.95
13.51
