3.978366499
4.596346375
4.641519148
3.790118732
4.400954442
4.995407891
4.272294466
5.265016619
3.656993301
4.828954338
4.699882977
2.479879029
2.276224945
2.234636436
2.723563842
3.120656982
3.086227471
2.921386657
3.833027524
3.620124307
3.124627978
2.984024129
3.574353088
3.139554108
3.26266762
2.948779409
3.453881874
3.940380692
3.622278289
2.419194081
1.960255085
2.392697223
2.293163753
2.856851414
2.517935662
2.741331793
2.765736792
2.916659048
0.886002257
1.00124922
1.103856875
0.998649088
0.998649088
1.060188662
1.078007421
1.192686044
1.154339638
1.044844486
1.426674455
1.620493752
1.684666139
1.017889974
0.998649088
1.060188662
1.078007421
1.192686044
1.154339638
1.044844486
1.426674455
1.620493752
1.684666139
1.1
1.264001582
1.556823689
1.426674455
1.620493752
1.684666139
1.32740348
1.30510536
1.264001582
1.556823689
1.426674455
1.620493752
1.684666139
4.330415684
3.271360573
3.799381529
4.257663679
4.42882603
4.2463396
3.705995143
3.711387881
4.324176222
4.082707435
2.835348303
3.159272068
3.580055865
4.151156465
3.231547617
4.414804639
3.197327009
3.106444913
4.29773196
2.908264087
3.323988568
3.688278731
4.164816923
4.465086785
3.896832047
4.670385423
3.578505275
3.366184784
2.942787794
2.878506557
2.729468813
2.781726083
2.980771712
2.769855592
2.725472436
4.561765009
4.899326484
4.468747028
3.376684765
3.16764897
3.562990317
3.358466912
3.931539139
3.346774567
3.732090567
3.762246669
4.313339773
3.716517187
3.871808363
4.525185079
3.905444917
2.538227728
2.386629422
2.68931218
2.511911623
3.342110112
3.555980877
2.828002829
3.10357858
2.848613698
4.742204129
4.726489183
4.632763754
3.498342465
4.46031389
4.323066042
5.109060579
4.613296002
2.138246946
2.240089284
2.852718002
3.008155581
2.76327704
2.62497619
2.505693517
3.779378256
3.128466078
4.007642699
2.321314283
2.852718002
3.008155581
2.76327704
2.62497619
2.505693517
3.779378256
3.128466078
4.007642699
4.514000443
4.459439427
4.489832959
4.430812567
4.81772768
4.482912
4.744365079
4.899387717
4.895651131
4.642854725
5.112885682
4.777457483
4.942893889
4.896948029
4.831531848
5.258611984
5.069329344
3.578407467
3.779219496
2.814125086
3.108858311
3.565459297
3.377128958
3.439215027
4.540594675
3.486344791
3.494252424
3.938756149
3.439215027
4.540594675
3.486344791
3.494252424
3.511409973
3.491074333
4.248917509
3.827531842
3.559283636
3.541750979
4.073843394
3.246721423
3.418669332
2.996664813
3.053080412
3.220062111
3.326153935
3.332161461
3.439127796
3.796840792
3.934488531
4.367436319
4.356202475
4.649042912
4.144249027
5.05328606
3.836587025
4.649042912
4.144249027
5.05328606
4.083062576
3.511609318
3.98026381
3.887029714
3.360148806
3.128226335
3.868979194
4.521338297
3.6639869
4.280677516
4.256994245
4.570557953
4.385897856
2.129037341
1.691892432
1.99459269
1.976689151
1.666043217
1.621141573
1.827265717
2.468299009
2.224410034
2.312249986
2.501219702
3.151634497
2.389246743
2.102379604
2.077354086
2.185520533
2.246619683
3.219223509
3.431267987
4.873458731
3.828328617
3.849259669
3.818612313
3.863935817
4.105995616
3.792228896
4.129418845
1.647300823
1.842606849
2.039534261
1.821318204
2.040710661
1.753282636
3.231857051
3.383858744
3.050262284
2.768176295
3.153299859
4.257146932
4.74435454
5.110234828
5.270939195
3.331215994
3.068631617
3.181524792
3.094333531
3.339461034
4.542092029
3.772015376
4.144212832
3.588927416
4.632763754
3.719408555
4.12801405
4.325852517
3.919502519
4.074567462
4.087884538
3.815245733
4.811756436
1.258650071
2.828427125
1.454544602
3.068631617
1.324575404
3.181524792
1.520427571
3.094333531
1.74416169
3.339461034
1.356023599
1.776288265
4.542092029
3.772015376
4.144212832
4.632763754
4.12801405
4.074567462
3.498714049
4.542092029
3.772015376
4.144212832
4.632763754
4.12801405
4.074567462
3.088122407
3.683530915
2.687936011
2.435775031
2.397769797
2.631368465
3.429052347
3.172459614
2.975987231
2.732215218
2.542479105
2.397769797
2.631368465
3.429052347
3.172459614
2.975987231
2.732215218
4.233213909
3.654435661
4.499522197
1.838096842
2.178462761
2.133775996
2.220923231
2.989397933
2.456928977
2.33225213
2.610076627
2.442334948
2.447549795
2.334202219
2.291571513
2.754432791
4.86522353
4.808846015
4.837933443
4.893689814
4.899979592
4.770010482
2.819521236
4.73016913
4.852349946
2.420433845
2.447549795
2.334202219
2.291571513
2.754432791
4.377590662
1.22380554
3.440610411
1.334166406
1.393448959
4.432064981
1.57800507
3.960227266
1.502431363
3.953643889
1.464923206
1.388524397
4.490211576
1.350592463
3.758896115
1.358712626
3.896472764
1.400357097
4.302150625
1.38683092
4.328071164
1.410319113
1.398463442
1.377679208
4.724235388
1.524106296
3.797959979
1.465093854
4.830755634
1.477565565
1.464001366
1.482733961
1.496161756
3.126051823
3.139442626
3.078262497
3.064147516
3.055306859
3.090711892
3.081850094
1.672871782
2.261083811
2.407841357
2.450734584
2.251777076
2.460020325
2.246441631
3.877318661
3.67679208
2.790286724
3.020149003
2.605475005
4.676804465
2.777210831
2.639280205
2.216528818
2.403018935
2.51795552
3.200281238
4.427934056
3.966875345
3.910051151
5.084338698
3.544573317
4.544370143
3.775102648
4.656393454
4.066497264
4.552471856
3.92002551
4.258826129
4.382077133
3.211744074
4.492137576
3.268409399
2.777210831
2.932064119
2.639280205
3.812466393
2.216528818
3.530042493
2.403018935
3.510626725
2.51795552
3.906929741
3.39889688
4.956652096
5.084338698
4.544370143
2.39827021
4.656393454
4.552471856
3.481910395
4.382077133
3.091827938
4.492137576
3.548098082
2.216528818
2.403018935
2.51795552
3.587115833
3.058054937
3.589498572
3.092733419
2.559238168
3.293098845
2.160023148
3.290744597
2.816025568
3.131660901
3.877318661
3.67679208
2.790286724
3.020149003
2.605475005
2.304951193
0.976370831
1.015135459
1.006876358
1.059481005
1.020784012
0.954410813
4.5601864
1.137409337
3.775102648
1.134636506
4.066497264
1.106797181
3.92002551
1.221883792
4.258826129
1.137409337
3.211744074
1.243422696
3.268409399
1.168118145
2.932064119
3.812466393
3.530042493
3.510626725
1.137409337
3.906929741
3.39889688
3.473686802
4.580174669
4.68167705
5.212676856
0.992018145
0.997647232
1.338693393
1.285496013
1.266688596
4.514122285
1.329661611
1.353698637
4.68167705
1.396030086
5.212676856
1.352072483
1.462190138
2.015564437
2.102189335
2.189086567
2.852718002
2.434604691
2.783522948
1.9053871
1.442012483
2.015564437
2.102189335
2.189086567
2.852718002
2.434604691
2.783522948
1.9053871
3.828733472
3.895664257
3.072344382
3.559283636
3.874854836
4.305031939
3.431763395
2.508904143
3.668787266
2.725307322
2.105445321
2.540964384
2.158726476
3.179889935
2.56400078
2.579341001
2.697647123
2.758115299
3.22684056
3.07332068
2.854487695
3.028696089
2.892542135
2.93720956
2.515750385
2.641098256
3.178049716
3.559283636
2.661766331
4.390717481
3.725050335
3.867932264
3.615356137
3.503041536
3.503041536
3.262207841
3.869883719
2.973096029
4.052024186
4.222321636
3.444444803
3.231996287
3.228885257
3.726714371
3.287095983
3.444706083
3.532930795
3.544643847
3.83817665
4.820663855
5.158614155
3.16218279
3.259094966
2.173752516
3.490401123
2.008233054
3.043846251
3.783186488
2.122192263
3.185545479
2.55472112
2.854277492
3.323386827
2.432858401
3.158243183
2.998833106
2.200840748
2.828427125
2.738558015
1.963313526
2.898568612
2.054288198
3.50714984
3.250661471
2.340021367
3.539265461
2.929846412
3.026450066
3.071318935
2.929846412
2.794601939
3.910421972
3.195825402
4.338893868
3.582317686
2.938996427
3.578631023
3.421417835
4.44127234
3.877641035
3.494066399
2.988193434
3.06804498
3.636316818
3.684087404
2.862743439
4.030111661
2.990066889
3.331816321
3.043846251
3.185545479
2.854277492
3.158243183
2.828427125
2.898568612
3.50714984
3.539265461
3.026450066
3.071318935
3.910421972
3.582317686
3.421417835
3.877641035
1.375681649
1.481215717
1.44222051
1.543016526
1.70425937
1.818158409
2.020024752
1.763887752
1.77552809
1.792540097
4.497221364
1.952895286
1.937679024
2.001224625
1.799138683
1.495125413
1.855397532
1.543016526
1.95532606
1.70425937
2.022992832
1.818158409
1.954891301
2.020024752
1.853105502
1.763887752
1.790111728
1.77552809
1.905360858
1.956859729
1.792540097
1.936104336
2.005292996
2.257631502
2.477357463
2.293686988
2.338054747
2.06813926
2.400854015
2.21650626
2.498339449
2.595091521
2.873395204
3.362038072
3.090906016
4.108442527
4.151011925
4.291037171
4.144249027
4.292190583
5.530298364
3.662594709
3.981971873
3.428119018
3.326634936
3.52115038
4.226547054
4.658336613
4.041435389
2.026079959
1.999049774
1.943707797
2
1.708361788
2.160208323
2.537754913
2.349170066
2.572625118
4.703456176
5.371079966
4.563441684
5.387810316
1.99812412
1.610124219
1.61245155
1.717672844
1.78465683
1.784740878
5.878817908
1.927822606
1.853213425
5.258374273
1.867966809
1.761391495
4.765091814
2.09389589
1.637833935
1.547772593
5.752295194
2.003696584
1.96773982
1.736433126
1.995294464
1.905177157
1.891718795
4.703456176
5.371079966
4.563441684
5.387810316
2.74710757
2.674191467
2.870836115
3.101902642
2.420743687
3.224934108
2.584279397
2.708006647
3.78857493
2.610938529
2.840035211
3.761130149
2.791003404
4.356604182
3.13682961
3.737512542
3.511267577
3.516603475
3.644859394
4.214949585
4.744270228
2.654976459
2.584279397
2.708006647
2.610938529
2.840035211
2.791003404
3.737512542
3.511267577
3.516603475
3.644859394
4.214949585
1.117318218
1.212641744
1.110720487
1.121605991
1.112879149
1.061508361
1.2
1.214948559
1.186001686
1.223192544
1.187139419
1.17686023
1.265701387
1.300961183
4.561578674
4.771299613
4.513202854
3.458337751
4.726108336
3.502284968
3.006559496
3.448158929
3.819384767
4.42706449
3.631377149
3.026450066
1.963084308
3.557878581
1.794268653
1.555538492
1.740028735
2.065453945
1.819697777
4.657059158
2.107723891
4.430282158
1.921067412
1.775640729
2.033937069
2.373604853
2.622079328
2.837199323
2.789480238
4.207338826
2.638257
2.71773803
2.607757657
3.800328933
3.784019027
3.522101645
3.725291935
3.634955295
3.996248241
4.324164659
3.932696276
3.823846231
4.744365079
3.840377586
3.838033351
3.796169122
4.606451997
3.30992447
3.985599077
3.256562605
5.395933654
4.128655956
3.592895768
4.409648512
2.33430932
2.441823089
2.964877738
3.874041817
4.120012136
4.188102196
1.082681855
1.103086579
1.227028932
1.340820644
1.362974688
1.286934342
1.360147051
1.236931688
1.571909667
1.932899377
1.601124605
1.636245703
1.700970311
1.892564398
1.883215336
2.040220576
2.020816667
3.78208937
3.871562992
3.531416147
2.634729588
2.757752708
2.618415551
3.462080299
3.078765987
3.808753077
3.723922663
3.405877273
4.466866911
4.211721738
2.828002829
4.279556052
4.258826129
3.249923076
4.290571058
2.970420846
4.180346876
3.418084259
4.023555641
4.08313605
3.71952954
4.004759668
4.181399287
3.99011278
3.116023106
4.73169103
3.376047985
4.399602255
4.301092884
3.210545125
4.108442527
3.80741382
1.990602924
2.075307206
3.316986584
2.010397971
2.077402224
2.117026216
2.185040045
4.279556052
2.367826007
4.258826129
2.326907819
2.217205448
4.290571058
1.994617758
4.180346876
2.327230113
4.023555641
2.416153969
4.004759668
2.77353565
3.99011278
2.544837912
4.73169103
2.514120124
4.399602255
2.661014844
4.301092884
2.707120241
4.108442527
2.763421792
3.80741382
4.55727989
2.828002829
3.249923076
2.970420846
3.418084259
6.106078938
4.08313605
4.27800187
3.71952954
4.004759668
4.181399287
3.99011278
3.116023106
4.73169103
3.376047985
4.399602255
4.301092884
3.210545125
4.108442527
3.80741382
6.106078938
3.743501035
3.254842546
3.23001548
3.329384327
2.953929586
3.028663071
3.281234524
3.370830758
3.331816321
3.204403221
4.914671912
2.295059912
3.294510586
2.915475947
3.634528855
2.77353565
2.544837912
5.150087378
2.514120124
2.661014844
2.707120241
2.763421792
5.107660913
2.836476688
2.970420846
3.418084259
4.08313605
3.71952954
4.181399287
4.478001787
3.116023106
3.376047985
3.210545125
4.478001787
4.313930922
1.469863939
1.480607983
1.856986807
1.781010949
2.409730275
4.788402656
2.141611543
4.646396453
2.398207664
4.362992093
2.145553542
3.029785471
2.703793631
1.386794866
1.856986807
1.781010949
2.409730275
2.141611543
2.398207664
2.145553542
3.029785471
2.703793631
1.471665723
1.584045454
1.462942241
1.462908063
1.461232357
1.296533841
2.567800615
1.540519393
4.6318139
1.392012931
5.060049407
1.413152504
4.788402656
2.387990787
1.518189711
2.250777643
4.646396453
2.398207664
1.708566651
4.362992093
2.145553542
3.029785471
2.269273011
2.322154172
2.703793631
2.012958022
2.249844439
1.672961446
1.518189711
1.708566651
2.269273011
2.322154172
2.012958022
2.249844439
1.763660965
1.708566651
2.269273011
2.322154172
2.012958022
2.249844439
1.882817038
1.820247236
2.269273011
2.322154172
2.012958022
2.249844439
3.825232019
3.856241694
5.013431958
4.73725659
5.451907923
5.148368674
5.013431958
4.73725659
5.451907923
5.148368674
2.176970372
2.19544984
4.06295459
2.145553542
3.595622338
1.959209024
3.819371676
1.730462366
3.98151981
1.995419755
4.195294984
2.021583538
3.99530975
4.045503677
2.552645686
3.665310355
3.014000664
3.618093421
2.218197466
4.202677718
3.412477106
4.414532818
3.034616945
4.142957881
2.925491412
3.992004509
3.014382192
4.030446625
1.91637679
4.334016613
2.749345377
3.434938136
3.6265962
2.934927597
4.568982381
2.884805019
2.342520011
2.552645686
3.014000664
2.218197466
3.412477106
3.034616945
2.925491412
3.014382192
1.91637679
2.749345377
3.434938136
2.934927597
2.884805019
4.096742608
4.158004329
4.228250229
4.212137225
4.001362268
4.115264269
4.042387908
4.220959607
4.019912934
4.022263045
4.114000486
4.252481628
4.065279818
4.054935265
4.858158087
4.120012136
4.137172948
4.042387908
4.115264269
3.962549684
5.205084053
5.200740332
5.042479549
4.109902675
5.572584679
5.658736608
5.00104989
5.476029584
5.763653355
5.616208686
3.364000595
3.916184367
3.240061728
3.722848372
4.33424734
4.594605533
4.604172021
4.222096636
4.160588901
4.137172948
5.842413885
4.779382805
4.877724879
5.051593808
4.854235264
4.848638984
4.85412196
4.901560976
5.041477958
4.92760591
5.049207859
4.93625364
4.887228253
4.884280909
5.015585709
4.932230733
4.899081547
4.895651131
4.776986498
4.24901165
4.551977592
4.222096636
4.160588901
4.137172948
5.842413885
4.0295161
4.096632764
4.001512214
3.514100169
4.160588901
4.137172948
5.842413885
3.932734418
4.046381099
4.608958668
3.693480743
4.434275589
2.929607482
2.762209261
2.924534151
4.541035124
2.938315844
2.826198861
3.211370424
2.766315239
3.283976248
2.814125086
2.544032233
3.135171447
3.902435137
1.92314846
2.120471646
2.441904994
2.008233054
2.212532486
2.329120005
1.976765034
2.577518186
2.751908429
2.771569952
2.885168973
2.895600111
2.379684853
2.79973213
3.16227766
2.451203786
2.286153976
2.441904994
2.008233054
2.212532486
2.329120005
1.976765034
2.577518186
2.751908429
2.771569952
2.885168973
2.895600111
2.379684853
2.79973213
3.16227766
3.322950496
2.765881415
2.56204996
2.771461708
3.345519392
3.61835598
3.469654161
3.744863148
3.142499006
3.103449693
2.776274482
3.558454721
3.716476826
3.855385843
3.296316126
4.03386911
4.049345626
3.855385843
