 	Sigma1	Sigma2	Distance	Sigma
1	2.43	3.15	21.49	3.978366499
2	2.4	3.92	8.17	4.596346375
3	3.06	3.49	8.28	4.641519148
4	1.95	3.25	15.93	3.790118732
5	2.22	3.8	11.64	4.400954442
6	2.25	4.46	14.33	4.995407891
7	3.5	2.45	9.19	4.272294466
8	4.02	3.4	12.34	5.265016619
9	3.1	1.94	2.82	3.656993301
10	2.82	3.92	15.69	4.828954338
11	3.55	3.08	16.05	4.699882977
12	1.27	2.13	15.53	2.479879029
13	1.34	1.84	18.58	2.276224945
14	1.6	1.56	10.19	2.234636436
15	1.77	2.07	9.31	2.723563842
16	2.29	2.12	9.89	3.120656982
17	2.28	2.08	12.37	3.086227471
18	2.12	2.01	25.14	2.921386657
19	3.2	2.11	23.77	3.833027524
20	3.18	1.73	11.82	3.620124307
21	2.73	1.52	5.78	3.124627978
22	2.38	1.8	7.46	2.984024129
23	3.04	1.88	11.94	3.574353088
24	2.82	1.38	4.92	3.139554108
25	2.57	2.01	11.68	3.26266762
26	2.28	1.87	8.92	2.948779409
27	2.83	1.98	15.18	3.453881874
28	3.55	1.71	15.02	3.940380692
29	3	2.03	9.75	3.622278289
30	1.39	1.98	6.57	2.419194081
31	1.51	1.25	13.39	1.960255085
32	1.61	1.77	8.83	2.392697223
33	1.69	1.55	10.05	2.293163753
34	2	2.04	9.06	2.856851414
35	1.74	1.82	1.33	2.517935662
36	2.05	1.82	10.21	2.741331793
37	1.58	2.27	28.34	2.765736792
38	1.7	2.37	28.67	2.916659048
39	0.71	0.53	5.36	0.886002257
40	0.83	0.56	6.74	1.00124922
41	0.92	0.61	7.17	1.103856875
42	0.82	0.57	24.83	0.998649088
43	0.82	0.57	2.87	0.998649088
44	0.86	0.62	8.88	1.060188662
45	0.86	0.65	8.57	1.078007421
46	1	0.65	8.14	1.192686044
47	0.94	0.67	11.37	1.154339638
48	0.81	0.66	11.8	1.044844486
49	1.27	0.65	7.95	1.426674455
50	1.48	0.66	3.68	1.620493752
51	1.55	0.66	20.01	1.684666139
52	0.85	0.56	2.39	1.017889974
53	0.82	0.57	2.87	0.998649088
54	0.86	0.62	8.88	1.060188662
55	0.86	0.65	8.57	1.078007421
56	1	0.65	8.14	1.192686044
57	0.94	0.67	11.37	1.154339638
58	0.81	0.66	11.8	1.044844486
59	1.27	0.65	7.95	1.426674455
60	1.48	0.66	3.68	1.620493752
61	1.55	0.66	20.01	1.684666139
62	0.88	0.66	10.61	1.1
63	1.09	0.64	6.13	1.264001582
64	1.41	0.66	16.39	1.556823689
65	1.27	0.65	7.95	1.426674455
66	1.48	0.66	3.68	1.620493752
67	1.55	0.66	20.01	1.684666139
68	1.14	0.68	9.88	1.32740348
69	1.12	0.67	21.02	1.30510536
70	1.09	0.64	6.13	1.264001582
71	1.41	0.66	16.39	1.556823689
72	1.27	0.65	7.95	1.426674455
73	1.48	0.66	3.68	1.620493752
74	1.55	0.66	20.01	1.684666139
75	4.14	1.27	6.68	4.330415684
76	2.87	1.57	8.7	3.271360573
77	3.52	1.43	12.95	3.799381529
78	3.79	1.94	9.06	4.257663679
79	3.91	2.08	17.03	4.42882603
80	3.65	2.17	23.79	4.2463396
81	3.12	2	9.44	3.705995143
82	3.2	1.88	18.88	3.711387881
83	2.44	3.57	18.46	4.324176222
84	3.86	1.33	16.85	4.082707435
85	2.54	1.26	4.78	2.835348303
86	2.91	1.23	10.08	3.159272068
87	3.38	1.18	11.99	3.580055865
88	4	1.11	8.64	4.151156465
89	2.98	1.25	10.15	3.231547617
90	4.24	1.23	11.3	4.414804639
91	3.02	1.05	16.64	3.197327009
92	2.92	1.06	11.84	3.106444913
93	4.17	1.04	13.15	4.29773196
94	2.64	1.22	3.56	2.908264087
95	3.08	1.25	13.58	3.323988568
96	3.47	1.25	6.32	3.688278731
97	3.96	1.29	7.52	4.164816923
98	3.47	2.81	17	4.465086785
99	2.18	3.23	17.61	3.896832047
100	2.85	3.7	7.74	4.670385423
101	3.31	1.36	6.58	3.578505275
102	3.16	1.16	7.34	3.366184784
103	2.62	1.34	8.01	2.942787794
104	2.63	1.17	2.85	2.878506557
105	2.4	1.3	12.87	2.729468813
106	2.48	1.26	9.69	2.781726083
107	2.57	1.51	7.43	2.980771712
108	2.36	1.45	4.92	2.769855592
109	2.39	1.31	8.79	2.725472436
110	3.16	3.29	6.3	4.561765009
111	3.03	3.85	2.65	4.899326484
112	4.04	1.91	10.69	4.468747028
113	2.66	2.08	4.23	3.376684765
114	2.44	2.02	3.35	3.16764897
115	2.9	2.07	18.18	3.562990317
116	2.72	1.97	1.48	3.358466912
117	3.33	2.09	5.62	3.931539139
118	2.72	1.95	10	3.346774567
119	2.97	2.26	3.59	3.732090567
120	2.93	2.36	9.9	3.762246669
121	3.68	2.25	24.3	4.313339773
122	3.01	2.18	23.55	3.716517187
123	3.22	2.15	16.38	3.871808363
124	3.37	3.02	6.1	4.525185079
125	3.22	2.21	12.14	3.905444917
126	2.01	1.55	9.03	2.538227728
127	1.84	1.52	12.16	2.386629422
128	2.1	1.68	6.83	2.68931218
129	1.84	1.71	15.89	2.511911623
130	2.79	1.84	31.04	3.342110112
131	3.21	1.53	22.61	3.555980877
132	2.26	1.7	16.46	2.828002829
133	2.59	1.71	11.46	3.10357858
134	2.39	1.55	18.72	2.848613698
135	4.54	1.37	0.47	4.742204129
136	3.74	2.89	11.34	4.726489183
137	4.01	2.32	4.3	4.632763754
138	2.72	2.2	8.19	3.498342465
139	3.88	2.2	7.41	4.46031389
140	2.67	3.4	16.12	4.323066042
141	2.79	4.28	10.92	5.109060579
142	3.04	3.47	8.16	4.613296002
143	1.65	1.36	14.92	2.138246946
144	1.78	1.36	10.2	2.240089284
145	2.18	1.84	16.29	2.852718002
146	2.59	1.53	5.39	3.008155581
147	2.26	1.59	11.83	2.76327704
148	1.79	1.92	7.16	2.62497619
149	2.16	1.27	4.85	2.505693517
150	3.29	1.86	9.94	3.779378256
151	2.47	1.92	8.85	3.128466078
152	3.74	1.44	12.78	4.007642699
153	1.78	1.49	9.64	2.321314283
154	2.18	1.84	16.29	2.852718002
155	2.59	1.53	5.39	3.008155581
156	2.26	1.59	11.83	2.76327704
157	1.79	1.92	7.16	2.62497619
158	2.16	1.27	4.85	2.505693517
159	3.29	1.86	9.94	3.779378256
160	2.47	1.92	8.85	3.128466078
161	3.74	1.44	12.78	4.007642699
162	2.29	3.89	1.71	4.514000443
163	2.35	3.79	4.72	4.459439427
164	2.31	3.85	5.23	4.489832959
165	2.36	3.75	11.56	4.430812567
166	2.43	4.16	7.39	4.81772768
167	2.41	3.78	11.19	4.482912
168	2.37	4.11	10.71	4.744365079
169	2.42	4.26	17.87	4.899387717
170	2.43	4.25	6.45	4.895651131
171	2.44	3.95	11.7	4.642854725
172	2.5	4.46	16.9	5.112885682
173	2.55	4.04	5.54	4.777457483
174	2.59	4.21	16.62	4.942893889
175	2.45	4.24	2.68	4.896948029
176	2.54	4.11	12.84	4.831531848
177	2.53	4.61	12.46	5.258611984
178	2.5	4.41	10.52	5.069329344
179	3.33	1.31	8.28	3.578407467
180	3.57	1.24	12.16	3.779219496
181	2.48	1.33	12.72	2.814125086
182	2.81	1.33	7.16	3.108858311
183	3.3	1.35	6.61	3.565459297
184	3.05	1.45	3.79	3.377128958
185	3.09	1.51	3.54	3.439215027
186	4.01	2.13	12.1	4.540594675
187	2.89	1.95	2.52	3.486344791
188	2.77	2.13	4.16	3.494252424
189	3.67	1.43	24.42	3.938756149
190	3.09	1.51	3.54	3.439215027
191	4.01	2.13	12.1	4.540594675
192	2.89	1.95	2.52	3.486344791
193	2.77	2.13	4.16	3.494252424
194	3.3	1.2	11.78	3.511409973
195	3.24	1.3	10.28	3.491074333
196	4.07	1.22	12.72	4.248917509
197	3.6	1.3	4.93	3.827531842
198	3.34	1.23	11.95	3.559283636
199	3.36	1.12	16.53	3.541750979
200	3.89	1.21	6.67	4.073843394
201	3.04	1.14	6.61	3.246721423
202	3.23	1.12	1.8	3.418669332
203	2.7	1.3	11.19	2.996664813
204	2.82	1.17	7.88	3.053080412
205	2.98	1.22	3.99	3.220062111
206	3.07	1.28	5.99	3.326153935
207	3.12	1.17	5.08	3.332161461
208	3.2	1.26	4.87	3.439127796
209	3.64	1.08	7.26	3.796840792
210	3.71	1.31	4.32	3.934488531
211	4.16	1.33	5.12	4.367436319
212	4.17	1.26	1.6	4.356202475
213	3.06	3.5	9.41	4.649042912
214	2.98	2.88	14.84	4.144249027
215	4.11	2.94	13.14	5.05328606
216	1.87	3.35	19.21	3.836587025
217	3.06	3.5	9.41	4.649042912
218	2.98	2.88	14.84	4.144249027
219	4.11	2.94	13.14	5.05328606
220	3.65	1.83	14.6	4.083062576
221	3.25	1.33	17.67	3.511609318
222	3.55	1.8	25.4	3.98026381
223	3.63	1.39	7.14	3.887029714
224	3.05	1.41	6.78	3.360148806
225	2.67	1.63	12.75	3.128226335
226	3.49	1.67	24.85	3.868979194
227	4.04	2.03	19.64	4.521338297
228	3.18	1.82	12.54	3.6639869
229	3.79	1.99	21.68	4.280677516
230	3.92	1.66	29.06	4.256994245
231	4.08	2.06	24.23	4.570557953
232	3.8	2.19	24.67	4.385897856
233	1.92	0.92	12.53	2.129037341
234	1.4	0.95	3.69	1.691892432
235	1.78	0.9	8.01	1.99459269
236	1.77	0.88	9.42	1.976689151
237	1.26	1.09	8.74	1.666043217
238	1.2	1.09	10.08	1.621141573
239	1.42	1.15	6.89	1.827265717
240	2.14	1.23	13.4	2.468299009
241	1.86	1.22	11.27	2.224410034
242	2.08	1.01	4.68	2.312249986
243	2.2	1.19	8.42	2.501219702
244	2.88	1.28	6.93	3.151634497
245	2.03	1.26	12.33	2.389246743
246	1.62	1.34	18.18	2.102379604
247	1.73	1.15	15.27	2.077354086
248	1.82	1.21	8.99	2.185520533
249	1.97	1.08	10.1	2.246619683
250	3.05	1.03	9.33	3.219223509
251	3.3	0.94	7.64	3.431267987
252	4.09	2.65	14.15	4.873458731
253	2.81	2.6	1.3	3.828328617
254	2.82	2.62	2.93	3.849259669
255	2.67	2.73	13.5	3.818612313
256	2.84	2.62	15.21	3.863935817
257	2.76	3.04	5.04	4.105995616
258	2.77	2.59	3.85	3.792228896
259	3.2	2.61	7.03	4.129418845
260	1.44	0.8	6.14	1.647300823
261	1.64	0.84	9.69	1.842606849
262	1.81	0.94	14.57	2.039534261
263	1.56	0.94	24.74	1.821318204
264	1.79	0.98	22.29	2.040710661
265	1.48	0.94	25.38	1.753282636
266	2.95	1.32	13.47	3.231857051
267	3.12	1.31	25.32	3.383858744
268	2.71	1.4	22	3.050262284
269	2.12	1.78	31.43	2.768176295
270	2.37	2.08	20.25	3.153299859
271	3.72	2.07	21.76	4.257146932
272	3.83	2.8	12.85	4.74435454
273	3.96	3.23	23.32	5.110234828
274	4.32	3.02	13.59	5.270939195
275	2.61	2.07	19.93	3.331215994
276	2.02	2.31	16.6	3.068631617
277	2.1	2.39	21.9	3.181524792
278	2.07	2.3	13.91	3.094333531
279	1.88	2.76	24.5	3.339461034
280	3.85	2.41	4.99	4.542092029
281	2.91	2.4	16.14	3.772015376
282	3.29	2.52	14.77	4.144212832
283	2	2.98	23.37	3.588927416
284	3.8	2.65	21.92	4.632763754
285	2.62	2.64	16.63	3.719408555
286	3.19	2.62	24.35	4.12801405
287	2.29	3.67	28.33	4.325852517
288	1.95	3.4	22.48	3.919502519
289	3.3	2.39	33.36	4.074567462
290	1.78	3.68	11.33	4.087884538
291	1.65	3.44	17.63	3.815245733
292	2.33	4.21	26.98	4.811756436
293	0.89	0.89	16.96	1.258650071
294	2	2	23.81	2.828427125
295	1.11	0.94	18.93	1.454544602
296	2.02	2.31	16.6	3.068631617
297	0.99	0.88	6.55	1.324575404
298	2.1	2.39	21.9	3.181524792
299	1.06	1.09	8.65	1.520427571
300	2.07	2.3	13.91	3.094333531
301	1.5	0.89	18.59	1.74416169
302	1.88	2.76	24.5	3.339461034
303	1.08	0.82	9.55	1.356023599
304	1.44	1.04	15.9	1.776288265
305	3.85	2.41	4.99	4.542092029
306	2.91	2.4	16.14	3.772015376
307	3.29	2.52	14.77	4.144212832
308	3.8	2.65	21.92	4.632763754
309	3.19	2.62	24.35	4.12801405
310	3.3	2.39	33.36	4.074567462
311	2.61	2.33	10.61	3.498714049
312	3.85	2.41	4.99	4.542092029
313	2.91	2.4	16.14	3.772015376
314	3.29	2.52	14.77	4.144212832
315	3.8	2.65	21.92	4.632763754
316	3.19	2.62	24.35	4.12801405
317	3.3	2.39	33.36	4.074567462
318	2.98	0.81	7.73	3.088122407
319	3.6	0.78	14.67	3.683530915
320	2.55	0.85	16.1	2.687936011
321	2.29	0.83	11.73	2.435775031
322	2.17	1.02	9.57	2.397769797
323	2.45	0.96	17.16	2.631368465
324	3.28	1	11.08	3.429052347
325	3.03	0.94	6.12	3.172459614
326	2.81	0.98	12.24	2.975987231
327	2.59	0.87	10.62	2.732215218
328	2.41	0.81	26.74	2.542479105
329	2.17	1.02	9.57	2.397769797
330	2.45	0.96	17.16	2.631368465
331	3.28	1	11.08	3.429052347
332	3.03	0.94	6.12	3.172459614
333	2.81	0.98	12.24	2.975987231
334	2.59	0.87	10.62	2.732215218
335	3.85	1.76	7.13	4.233213909
336	3.3	1.57	4.96	3.654435661
337	3.49	2.84	13.01	4.499522197
338	1.65	0.81	5.05	1.838096842
339	2.01	0.84	9.25	2.178462761
340	1.93	0.91	23.3	2.133775996
341	2.06	0.83	29.74	2.220923231
342	2.86	0.87	23.54	2.989397933
343	2.27	0.94	21.6	2.456928977
344	2.13	0.95	17.26	2.33225213
345	2.45	0.9	7.63	2.610076627
346	2.25	0.95	2.34	2.442334948
347	2.28	0.89	12.37	2.447549795
348	2.17	0.86	7.12	2.334202219
349	2.12	0.87	12.7	2.291571513
350	2.62	0.85	12.44	2.754432791
351	3.4	3.48	13.64	4.86522353
352	3.35	3.45	10.88	4.808846015
353	3.34	3.5	19.95	4.837933443
354	3.41	3.51	16.95	4.893689814
355	3.13	3.77	20.71	4.899979592
356	3.23	3.51	21.9	4.770010482
357	2.64	0.99	40.02	2.819521236
358	3.08	3.59	23.99	4.73016913
359	3.22	3.63	31.98	4.852349946
360	2.27	0.84	25.19	2.420433845
361	2.28	0.89	12.37	2.447549795
362	2.17	0.86	7.12	2.334202219
363	2.12	0.87	12.7	2.291571513
364	2.62	0.85	12.44	2.754432791
365	2.12	3.83	4.38	4.377590662
366	0.84	0.89	12.03	1.22380554
367	2.17	2.67	13.2	3.440610411
368	1.02	0.86	10.56	1.334166406
369	1.01	0.96	15.02	1.393448959
370	2.64	3.56	11.79	4.432064981
371	1.26	0.95	9.33	1.57800507
372	2.55	3.03	9.54	3.960227266
373	1.18	0.93	13.12	1.502431363
374	2.28	3.23	11.38	3.953643889
375	1.14	0.92	18.21	1.464923206
376	0.92	1.04	14.6	1.388524397
377	2.26	3.88	18.45	4.490211576
378	0.95	0.96	11.68	1.350592463
379	2.53	2.78	12.71	3.758896115
380	0.85	1.06	15.38	1.358712626
381	2.79	2.72	4.78	3.896472764
382	0.97	1.01	2.45	1.400357097
383	3.42	2.61	16.91	4.302150625
384	0.87	1.08	10.69	1.38683092
385	3.01	3.11	9.23	4.328071164
386	0.87	1.11	11.38	1.410319113
387	0.81	1.14	23.45	1.398463442
388	0.88	1.06	18.32	1.377679208
389	3.4	3.28	21	4.724235388
390	0.9	1.23	14.83	1.524106296
391	2.63	2.74	23.9	3.797959979
392	0.99	1.08	9.64	1.465093854
393	3.61	3.21	16.96	4.830755634
394	0.94	1.14	8.96	1.477565565
395	0.88	1.17	14.97	1.464001366
396	0.96	1.13	8.01	1.482733961
397	0.88	1.21	17.35	1.496161756
398	2.79	1.41	5.9	3.126051823
399	2.81	1.4	12.39	3.139442626
400	2.71	1.46	15.54	3.078262497
401	2.71	1.43	15.25	3.064147516
402	2.7	1.43	8.25	3.055306859
403	2.74	1.43	19.2	3.090711892
404	2.73	1.43	11.36	3.081850094
405	1.37	0.96	4.74	1.672871782
406	1.85	1.3	20.92	2.261083811
407	2.11	1.16	6.27	2.407841357
408	2.19	1.1	6.99	2.450734584
409	1.93	1.16	6.35	2.251777076
410	1.61	1.86	11.9	2.460020325
411	1.69	1.48	15.8	2.246441631
412	3.6	1.44	20.21	3.877318661
413	3.32	1.58	25.5	3.67679208
414	2.39	1.44	15.98	2.790286724
415	2.58	1.57	8.64	3.020149003
416	2.21	1.38	13.09	2.605475005
417	3.19	3.42	20.5	4.676804465
418	2.48	1.25	10.27	2.777210831
419	2.43	1.03	4.25	2.639280205
420	1.87	1.19	6.9	2.216528818
421	2.04	1.27	10.41	2.403018935
422	2.24	1.15	7.27	2.51795552
423	2.73	1.67	11.34	3.200281238
424	3.05	3.21	7.22	4.427934056
425	2.81	2.8	1.15	3.966875345
426	3.14	2.33	8.8	3.910051151
427	2.76	4.27	15.51	5.084338698
428	2.94	1.98	3.35	3.544573317
429	2.68	3.67	14.52	4.544370143
430	3.17	2.05	5.89	3.775102648
431	2.28	4.06	20.31	4.656393454
432	3.42	2.2	8.05	4.066497264
433	2.61	3.73	12.16	4.552471856
434	3.21	2.25	3.57	3.92002551
435	3.76	2	18.16	4.258826129
436	2.65	3.49	31.29	4.382077133
437	2.68	1.77	23.94	3.211744074
438	3.08	3.27	40.64	4.492137576
439	2.85	1.6	13.42	3.268409399
440	2.48	1.25	10.27	2.777210831
441	2.41	1.67	22.84	2.932064119
442	2.43	1.03	4.25	2.639280205
443	3.35	1.82	19.94	3.812466393
444	1.87	1.19	6.9	2.216528818
445	3.06	1.76	17.16	3.530042493
446	2.04	1.27	10.41	2.403018935
447	3.14	1.57	18.09	3.510626725
448	2.24	1.15	7.27	2.51795552
449	2.96	2.55	9.49	3.906929741
450	3.03	1.54	15.65	3.39889688
451	2.5	4.28	18.81	4.956652096
452	2.76	4.27	15.51	5.084338698
453	2.68	3.67	14.52	4.544370143
454	2.11	1.14	17.55	2.39827021
455	2.28	4.06	20.31	4.656393454
456	2.61	3.73	12.16	4.552471856
457	3.29	1.14	24.03	3.481910395
458	2.65	3.49	31.29	4.382077133
459	2.87	1.15	25.05	3.091827938
460	3.08	3.27	40.64	4.492137576
461	3.37	1.11	15.25	3.548098082
462	1.87	1.19	6.9	2.216528818
463	2.04	1.27	10.41	2.403018935
464	2.24	1.15	7.27	2.51795552
465	3.43	1.05	11.51	3.587115833
466	2.91	0.94	5.17	3.058054937
467	3.39	1.18	3.73	3.589498572
468	2.93	0.99	13.9	3.092733419
469	2.36	0.99	13.87	2.559238168
470	2.99	1.38	13.65	3.293098845
471	1.61	1.44	31.12	2.160023148
472	3.01	1.33	7.25	3.290744597
473	2.42	1.44	29	2.816025568
474	2.88	1.23	26.21	3.131660901
475	3.6	1.44	20.21	3.877318661
476	3.32	1.58	25.5	3.67679208
477	2.39	1.44	15.98	2.790286724
478	2.58	1.57	8.64	3.020149003
479	2.21	1.38	13.09	2.605475005
480	1.98	1.18	18.27	2.304951193
481	0.82	0.53	11.44	0.976370831
482	0.84	0.57	11.83	1.015135459
483	0.83	0.57	16.71	1.006876358
484	0.88	0.59	18.76	1.059481005
485	0.84	0.58	14.38	1.020784012
486	0.78	0.55	8.67	0.954410813
487	3.92	2.33	12.81	4.5601864
488	0.96	0.61	12.5	1.137409337
489	3.17	2.05	5.89	3.775102648
490	0.93	0.65	4.07	1.134636506
491	3.42	2.2	8.05	4.066497264
492	0.91	0.63	6.98	1.106797181
493	3.21	2.25	3.57	3.92002551
494	1.07	0.59	11.56	1.221883792
495	3.76	2	18.16	4.258826129
496	0.96	0.61	8.16	1.137409337
497	2.68	1.77	23.94	3.211744074
498	1.06	0.65	10.38	1.243422696
499	2.85	1.6	13.42	3.268409399
500	0.99	0.62	11.47	1.168118145
501	2.41	1.67	22.84	2.932064119
502	3.35	1.82	19.94	3.812466393
503	3.06	1.76	17.16	3.530042493
504	3.14	1.57	18.09	3.510626725
505	0.99	0.56	23.99	1.137409337
506	2.96	2.55	9.49	3.906929741
507	3.03	1.54	15.65	3.39889688
508	2.68	2.21	12.71	3.473686802
509	4.06	2.12	4.83	4.580174669
510	3.9	2.59	17.92	4.68167705
511	4.22	3.06	20.98	5.212676856
512	0.6	0.79	16.86	0.992018145
513	0.68	0.73	12.81	0.997647232
514	1	0.89	15.28	1.338693393
515	0.99	0.82	24.15	1.285496013
516	0.93	0.86	23.3	1.266688596
517	3.98	2.13	25.34	4.514122285
518	0.96	0.92	29.21	1.329661611
519	1.02	0.89	18.16	1.353698637
520	3.9	2.59	17.92	4.68167705
521	1.05	0.92	3.57	1.396030086
522	4.22	3.06	20.98	5.212676856
523	1	0.91	14.71	1.352072483
524	1.12	0.94	15.12	1.462190138
525	1.75	1	16.18	2.015564437
526	1.96	0.76	24.04	2.102189335
527	2	0.89	6.48	2.189086567
528	2.72	0.86	21.62	2.852718002
529	2.27	0.88	13.73	2.434604691
530	2.62	0.94	23.98	2.783522948
531	1.69	0.88	20.47	1.9053871
532	1.15	0.87	23.04	1.442012483
533	1.75	1	16.18	2.015564437
534	1.96	0.76	24.04	2.102189335
535	2	0.89	6.48	2.189086567
536	2.72	0.86	21.62	2.852718002
537	2.27	0.88	13.73	2.434604691
538	2.62	0.94	23.98	2.783522948
539	1.69	0.88	20.47	1.9053871
540	3.24	2.04	11.63	3.828733472
541	2.59	2.91	18.67	3.895664257
542	1.88	2.43	15.14	3.072344382
543	3.34	1.23	19.09	3.559283636
544	1.93	3.36	26.9	3.874854836
545	3.62	2.33	5.15	4.305031939
546	1.97	2.81	22.17	3.431763395
547	2.25	1.11	16.13	2.508904143
548	3.5	1.1	12.29	3.668787266
549	2.48	1.13	24	2.725307322
550	1.73	1.2	6.32	2.105445321
551	2.14	1.37	11.96	2.540964384
552	1.76	1.25	16.33	2.158726476
553	2.86	1.39	6.63	3.179889935
554	2.21	1.3	9.55	2.56400078
555	2.21	1.33	14.13	2.579341001
556	2.38	1.27	6.68	2.697647123
557	2.34	1.46	12.35	2.758115299
558	2.94	1.33	7.38	3.22684056
559	2.58	1.67	13.32	3.07332068
560	2.59	1.2	12.94	2.854487695
561	2.59	1.57	13.31	3.028696089
562	2.52	1.42	23.42	2.892542135
563	2.56	1.44	34.21	2.93720956
564	2.11	1.37	19.21	2.515750385
565	2.27	1.35	6.22	2.641098256
566	2.9	1.3	15.59	3.178049716
567	3.34	1.23	19.09	3.559283636
568	2.41	1.13	10.88	2.661766331
569	4.2	1.28	24.53	4.390717481
570	3.46	1.38	26.23	3.725050335
571	3.65	1.28	27.83	3.867932264
572	1.72	3.18	28.68	3.615356137
573	1.92	2.93	12.18	3.503041536
574	1.92	2.93	7.66	3.503041536
575	1.86	2.68	12.64	3.262207841
576	1.92	3.36	14.62	3.869883719
577	1.92	2.27	2.9	2.973096029
578	2.42	3.25	15.42	4.052024186
579	2.42	3.46	4.57	4.222321636
580	1.71	2.99	17.72	3.444444803
581	1.73	2.73	1.51	3.231996287
582	1.44	2.89	18.44	3.228885257
583	1.28	3.5	14.41	3.726714371
584	1.49	2.93	12.98	3.287095983
585	1.46	3.12	19.81	3.444706083
586	1.8	3.04	15.82	3.532930795
587	1.46	3.23	19.79	3.544643847
588	1.96	3.3	22.01	3.83817665
589	1.78	4.48	21.07	4.820663855
590	2.17	4.68	15.82	5.158614155
591	2.85	1.37	8.89	3.16218279
592	2.69	1.84	7.3	3.259094966
593	1.96	0.94	21.83	2.173752516
594	3.02	1.75	13.21	3.490401123
595	1.81	0.87	18.11	2.008233054
596	2.81	1.17	8.6	3.043846251
597	3.46	1.53	0.54	3.783186488
598	1.79	1.14	12.17	2.122192263
599	2.89	1.34	9.24	3.185545479
600	2.25	1.21	16.36	2.55472112
601	2.35	1.62	6.12	2.854277492
602	3	1.43	11.67	3.323386827
603	2.18	1.08	14.23	2.432858401
604	2.79	1.48	3.81	3.158243183
605	2.53	1.61	5.99	2.998833106
606	1.99	0.94	11.23	2.200840748
607	2.48	1.36	12.67	2.828427125
608	1.86	2.01	9.41	2.738558015
609	1.75	0.89	17.89	1.963313526
610	2.39	1.64	7.39	2.898568612
611	1.8	0.99	15.71	2.054288198
612	3.01	1.8	10.01	3.50714984
613	2.72	1.78	13.1	3.250661471
614	2.06	1.11	5.21	2.340021367
615	2.92	2	12.34	3.539265461
616	2.48	1.56	19.08	2.929846412
617	2.55	1.63	14.71	3.026450066
618	2.51	1.77	28.48	3.071318935
619	2.48	1.56	16.82	2.929846412
620	2.27	1.63	12.5	2.794601939
621	3.67	1.35	8.76	3.910421972
622	2.62	1.83	7.49	3.195825402
623	3.92	1.86	10.67	4.338893868
624	3.31	1.37	16.63	3.582317686
625	2.19	1.96	8.2	2.938996427
626	2.75	2.29	6.59	3.578631023
627	2.94	1.75	15.83	3.421417835
628	4	1.93	20.66	4.44127234
629	3.55	1.56	20.95	3.877641035
630	3.21	1.38	15.98	3.494066399
631	2.37	1.82	11.44	2.988193434
632	2.52	1.75	20.26	3.06804498
633	2.88	2.22	14.43	3.636316818
634	3.22	1.79	24.33	3.684087404
635	2.48	1.43	12.17	2.862743439
636	3.57	1.87	2.79	4.030111661
637	2.38	1.81	7.81	2.990066889
638	2.99	1.47	8.84	3.331816321
639	2.81	1.17	8.6	3.043846251
640	2.89	1.34	9.24	3.185545479
641	2.35	1.62	6.12	2.854277492
642	2.79	1.48	3.81	3.158243183
643	2.48	1.36	12.67	2.828427125
644	2.39	1.64	7.39	2.898568612
645	3.01	1.8	10.01	3.50714984
646	2.92	2	12.34	3.539265461
647	2.55	1.63	14.71	3.026450066
648	2.51	1.77	28.48	3.071318935
649	3.67	1.35	8.76	3.910421972
650	3.31	1.37	16.63	3.582317686
651	2.94	1.75	15.83	3.421417835
652	3.55	1.56	20.95	3.877641035
653	1.14	0.77	4.64	1.375681649
654	1.22	0.84	11.26	1.481215717
655	1.2	0.8	7.73	1.44222051
656	1.2	0.97	11.2	1.543016526
657	1.22	1.19	8.89	1.70425937
658	1.44	1.11	1.55	1.818158409
659	1.22	1.61	4.7	2.020024752
660	1.32	1.17	9.75	1.763887752
661	1.22	1.29	10.43	1.77552809
662	1.04	1.46	20.19	1.792540097
663	3.95	2.15	12.89	4.497221364
664	1.43	1.33	7.96	1.952895286
665	1.35	1.39	6.48	1.937679024
666	1.4	1.43	10.46	2.001224625
667	1.4	1.13	2.01	1.799138683
668	1.23	0.85	9.9	1.495125413
669	1.44	1.17	5.25	1.855397532
670	1.2	0.97	11.2	1.543016526
671	1.52	1.23	11.36	1.95532606
672	1.22	1.19	8.89	1.70425937
673	1.55	1.3	6.93	2.022992832
674	1.44	1.11	1.55	1.818158409
675	1.46	1.3	2.58	1.954891301
676	1.22	1.61	4.7	2.020024752
677	1.28	1.34	15.68	1.853105502
678	1.32	1.17	9.75	1.763887752
679	1.22	1.31	14.97	1.790111728
680	1.22	1.29	10.43	1.77552809
681	1.48	1.2	14.4	1.905360858
682	1.53	1.22	18.8	1.956859729
683	1.04	1.46	20.19	1.792540097
684	1.47	1.26	25.53	1.936104336
685	1.56	1.26	11.6	2.005292996
686	1.88	1.25	11.62	2.257631502
687	2.03	1.42	12.2	2.477357463
688	1.91	1.27	10.24	2.293686988
689	1.88	1.39	10.31	2.338054747
690	1.64	1.26	8.82	2.06813926
691	1.79	1.6	7.01	2.400854015
692	1.65	1.48	5.3	2.21650626
693	1.69	1.84	11.22	2.498339449
694	1.84	1.83	4.39	2.595091521
695	2.4	1.58	7.7	2.873395204
696	2.03	2.68	4.78	3.362038072
697	1.96	2.39	9.42	3.090906016
698	2.93	2.88	3.65	4.108442527
699	2.9	2.97	7.73	4.151011925
700	2.87	3.19	7.46	4.291037171
701	2.88	2.98	4.83	4.144249027
702	3.05	3.02	4.8	4.292190583
703	3.49	4.29	17.71	5.530298364
704	2.25	2.89	19.76	3.662594709
705	2.56	3.05	26.47	3.981971873
706	2.56	2.28	9.39	3.428119018
707	2.16	2.53	10.3	3.326634936
708	2.64	2.33	18.2	3.52115038
709	3.26	2.69	15.24	4.226547054
710	3.76	2.75	13.91	4.658336613
711	2.64	3.06	10.68	4.041435389
712	1.61	1.23	13.93	2.026079959
713	1.51	1.31	19.78	1.999049774
714	1.48	1.26	26.09	1.943707797
715	1.6	1.2	16.69	2
716	1.29	1.12	24.7	1.708361788
717	1.71	1.32	21.13	2.160208323
718	2.11	1.41	15.12	2.537754913
719	1.95	1.31	18.18	2.349170066
720	2.22	1.3	26.21	2.572625118
721	3.25	3.4	7.72	4.703456176
722	4.54	2.87	4.51	5.371079966
723	3.01	3.43	8.51	4.563441684
724	4.13	3.46	14.6	5.387810316
725	1.86	0.73	14.26	1.99812412
726	1.43	0.74	11.69	1.610124219
727	1.4	0.8	9.43	1.61245155
728	1.52	0.8	11.93	1.717672844
729	1.61	0.77	11.41	1.78465683
730	1.58	0.83	16.82	1.784740878
731	3.83	4.46	10.18	5.878817908
732	1.74	0.83	21.38	1.927822606
733	1.62	0.9	14.25	1.853213425
734	3.56	3.87	12.79	5.258374273
735	1.62	0.93	4.91	1.867966809
736	1.52	0.89	11.72	1.761391495
737	2.94	3.75	13.78	4.765091814
738	1.9	0.88	15.71	2.09389589
739	1.4	0.85	20.36	1.637833935
740	1.3	0.84	15.24	1.547772593
741	3.17	4.8	6.75	5.752295194
742	1.78	0.92	27.65	2.003696584
743	1.76	0.88	22.21	1.96773982
744	1.46	0.94	18.33	1.736433126
745	1.76	0.94	18.27	1.995294464
746	1.71	0.84	20.13	1.905177157
747	1.69	0.85	28.07	1.891718795
748	3.25	3.4	7.72	4.703456176
749	4.54	2.87	4.51	5.371079966
750	3.01	3.43	8.51	4.563441684
751	4.13	3.46	14.6	5.387810316
752	1.71	2.15	12.74	2.74710757
753	2.12	1.63	5.68	2.674191467
754	2.41	1.56	5.78	2.870836115
755	2.83	1.27	5.49	3.101902642
756	1.9	1.5	17.07	2.420743687
757	2.91	1.39	1.09	3.224934108
758	2.09	1.52	21.68	2.584279397
759	2.33	1.38	18.11	2.708006647
760	3.42	1.63	8.1	3.78857493
761	2.13	1.51	9.78	2.610938529
762	2.43	1.47	5.45	2.840035211
763	2.81	2.5	2.9	3.761130149
764	2.36	1.49	8.43	2.791003404
765	3.14	3.02	6.84	4.356604182
766	2.61	1.74	6.22	3.13682961
767	3.27	1.81	31.22	3.737512542
768	3.11	1.63	23.83	3.511267577
769	3.19	1.48	32.25	3.516603475
770	3.27	1.61	19.41	3.644859394
771	3.87	1.67	25.13	4.214949585
772	3.6	3.09	15.18	4.744270228
773	2.08	1.65	18.39	2.654976459
774	2.09	1.52	21.68	2.584279397
775	2.33	1.38	18.11	2.708006647
776	2.13	1.51	9.78	2.610938529
777	2.43	1.47	5.45	2.840035211
778	2.36	1.49	8.43	2.791003404
779	3.27	1.81	31.22	3.737512542
780	3.11	1.63	23.83	3.511267577
781	3.19	1.48	32.25	3.516603475
782	3.27	1.61	19.41	3.644859394
783	3.87	1.67	25.13	4.214949585
784	0.8	0.78	12.13	1.117318218
785	0.92	0.79	9.21	1.212641744
786	0.81	0.76	9.74	1.110720487
787	0.86	0.72	6.28	1.121605991
788	0.84	0.73	8.85	1.112879149
789	0.78	0.72	6.55	1.061508361
790	0.96	0.72	7.37	1.2
791	1	0.69	3.2	1.214948559
792	0.95	0.71	6.67	1.186001686
793	1.01	0.69	7.67	1.223192544
794	0.98	0.67	3.17	1.187139419
795	0.89	0.77	2.98	1.17686023
796	1.08	0.66	14.84	1.265701387
797	1.01	0.82	9.74	1.300961183
798	4.08	2.04	16.47	4.561578674
799	2.57	4.02	22.32	4.771299613
800	2.57	3.71	12.42	4.513202854
801	2.4	2.49	14.6	3.458337751
802	2.81	3.8	37.2	4.726108336
803	2.98	1.84	21.92	3.502284968
804	2.37	1.85	20.38	3.006559496
805	3.07	1.57	8.03	3.448158929
806	3.29	1.94	6.04	3.819384767
807	4.1	1.67	15.81	4.42706449
808	3.25	1.62	17.23	3.631377149
809	2.13	2.15	8.59	3.026450066
810	1.81	0.76	24.95	1.963084308
811	1.71	3.12	20.25	3.557878581
812	1.63	0.75	17.02	1.794268653
813	1.34	0.79	23.65	1.555538492
814	1.54	0.81	14.43	1.740028735
815	1.9	0.81	18.86	2.065453945
816	1.57	0.92	11.29	1.819697777
817	2.19	4.11	13.17	4.657059158
818	1.95	0.8	11.08	2.107723891
819	1.75	4.07	25.3	4.430282158
820	1.76	0.77	15.1	1.921067412
821	1.6	0.77	23.61	1.775640729
822	1.87	0.8	18.27	2.033937069
823	2.22	0.84	14.94	2.373604853
824	2.47	0.88	20	2.622079328
825	2.71	0.84	21	2.837199323
826	2.66	0.84	30.14	2.789480238
827	2.11	3.64	21.88	4.207338826
828	2.48	0.9	21.99	2.638257
829	2.55	0.94	17.01	2.71773803
830	2.4	1.02	18.88	2.607757657
831	3.07	2.24	7.16	3.800328933
832	3.02	2.28	9.45	3.784019027
833	2.44	2.54	23.33	3.522101645
834	3.33	1.67	20.87	3.725291935
835	2.73	2.4	14.13	3.634955295
836	3.4	2.1	11.92	3.996248241
837	3.78	2.1	16.34	4.324164659
838	3.35	2.06	18.69	3.932696276
839	3.53	1.47	16.74	3.823846231
840	4.11	2.37	15.07	4.744365079
841	3.58	1.39	13.44	3.840377586
842	3.08	2.29	8.79	3.838033351
843	3.5	1.47	24.8	3.796169122
844	3.95	2.37	19.96	4.606451997
845	2.84	1.7	6.2	3.30992447
846	3.33	2.19	8.17	3.985599077
847	2.74	1.76	16.88	3.256562605
848	4.75	2.56	16.3	5.395933654
849	3.73	1.77	19.67	4.128655956
850	3.08	1.85	11.05	3.592895768
851	4.03	1.79	18.08	4.409648512
852	1.89	1.37	20.92	2.33430932
853	1.8	1.65	9.73	2.441823089
854	2.47	1.64	15.51	2.964877738
855	3.11	2.31	9.99	3.874041817
856	3.64	1.93	17.08	4.120012136
857	3.21	2.69	32.22	4.188102196
858	1.01	0.39	13.34	1.082681855
859	1.02	0.42	5.47	1.103086579
860	1.16	0.4	8.8	1.227028932
861	1.27	0.43	5.17	1.340820644
862	1.29	0.44	11.15	1.362974688
863	1.19	0.49	6.54	1.286934342
864	1.28	0.46	11.55	1.360147051
865	1.14	0.48	10.12	1.236931688
866	1.5	0.47	12.49	1.571909667
867	1.85	0.56	15.84	1.932899377
868	1.5	0.56	25.41	1.601124605
869	1.53	0.58	19.92	1.636245703
870	1.58	0.63	7.01	1.700970311
871	1.77	0.67	17.2	1.892564398
872	1.76	0.67	16.78	1.883215336
873	1.92	0.69	29.04	2.040220576
874	1.91	0.66	12.85	2.020816667
875	2.29	3.01	25.78	3.78208937
876	1.87	3.39	12.34	3.871562992
877	1.45	3.22	15.56	3.531416147
878	1.63	2.07	8.69	2.634729588
879	1.94	1.96	6.62	2.757752708
880	2	1.69	6.35	2.618415551
881	1.98	2.84	10.18	3.462080299
882	1.68	2.58	9.65	3.078765987
883	2.05	3.21	5.24	3.808753077
884	2.5	2.76	6.69	3.723922663
885	2.6	2.2	3.48	3.405877273
886	3.52	2.75	19.73	4.466866911
887	3.19	2.75	10.54	4.211721738
888	2.26	1.7	8.3	2.828002829
889	3.55	2.39	9.02	4.279556052
890	3.76	2	4.84	4.258826129
891	2.84	1.58	10.56	3.249923076
892	3.39	2.63	15.87	4.290571058
893	2.47	1.65	18.46	2.970420846
894	3.03	2.88	5.46	4.180346876
895	2.07	2.72	8.65	3.418084259
896	3.01	2.67	3.52	4.023555641
897	2.32	3.36	15.63	4.08313605
898	2.1	3.07	2.68	3.71952954
899	3.25	2.34	9.86	4.004759668
900	2.04	3.65	5.73	4.181399287
901	2.91	2.73	8.9	3.99011278
902	1.86	2.5	17.09	3.116023106
903	2.65	3.92	3.71	4.73169103
904	2.04	2.69	23.02	3.376047985
905	2.78	3.41	7.89	4.399602255
906	2.95	3.13	7.59	4.301092884
907	2.24	2.3	14.62	3.210545125
908	2.88	2.93	13.72	4.108442527
909	2.58	2.8	17.59	3.80741382
910	1.8	0.85	11.73	1.990602924
911	1.87	0.9	3.96	2.075307206
912	2.5	2.18	3.18	3.316986584
913	1.84	0.81	14.19	2.010397971
914	1.9	0.84	10.98	2.077402224
915	1.93	0.87	7.36	2.117026216
916	2	0.88	8.24	2.185040045
917	3.55	2.39	9.02	4.279556052
918	2.21	0.85	4.25	2.367826007
919	3.76	2	4.84	4.258826129
920	2.17	0.84	26.93	2.326907819
921	2.06	0.82	10.58	2.217205448
922	3.39	2.63	15.87	4.290571058
923	1.79	0.88	4.96	1.994617758
924	3.03	2.88	5.46	4.180346876
925	2.12	0.96	9.93	2.327230113
926	3.01	2.67	3.52	4.023555641
927	2.23	0.93	5.08	2.416153969
928	3.25	2.34	9.86	4.004759668
929	2.62	0.91	11.79	2.77353565
930	2.91	2.73	8.9	3.99011278
931	2.29	1.11	12.49	2.544837912
932	2.65	3.92	3.71	4.73169103
933	2.22	1.18	17.57	2.514120124
934	2.78	3.41	7.89	4.399602255
935	2.39	1.17	7.55	2.661014844
936	2.95	3.13	7.59	4.301092884
937	2.46	1.13	7.02	2.707120241
938	2.88	2.93	13.72	4.108442527
939	2.58	0.99	22.18	2.763421792
940	2.58	2.8	17.59	3.80741382
941	2.82	3.58	11.46	4.55727989
942	2.26	1.7	8.3	2.828002829
943	2.84	1.58	10.56	3.249923076
944	2.47	1.65	18.46	2.970420846
945	2.07	2.72	8.65	3.418084259
946	3.91	4.69	14.35	6.106078938
947	2.32	3.36	15.63	4.08313605
948	3.42	2.57	13.99	4.27800187
949	2.1	3.07	2.68	3.71952954
950	3.25	2.34	9.86	4.004759668
951	2.04	3.65	5.73	4.181399287
952	2.91	2.73	8.9	3.99011278
953	1.86	2.5	17.09	3.116023106
954	2.65	3.92	3.71	4.73169103
955	2.04	2.69	23.02	3.376047985
956	2.78	3.41	7.89	4.399602255
957	2.95	3.13	7.59	4.301092884
958	2.24	2.3	14.62	3.210545125
959	2.88	2.93	13.72	4.108442527
960	2.58	2.8	17.59	3.80741382
961	3.91	4.69	14.35	6.106078938
962	2.93	2.33	20.93	3.743501035
963	2.52	2.06	9.89	3.254842546
964	2.59	1.93	6.55	3.23001548
965	2.72	1.92	12.68	3.329384327
966	2.21	1.96	10.46	2.953929586
967	2.52	1.68	4.47	3.028663071
968	2.47	2.16	8.87	3.281234524
969	2.85	1.8	2.6	3.370830758
970	2.73	1.91	7.14	3.331816321
971	2.71	1.71	13.51	3.204403221
972	4.08	2.74	12.81	4.914671912
973	2.08	0.97	18.53	2.295059912
974	2.67	1.93	23.39	3.294510586
975	2.7	1.1	13.31	2.915475947
976	2.87	2.23	21.87	3.634528855
977	2.62	0.91	11.79	2.77353565
978	2.29	1.11	12.49	2.544837912
979	3.75	3.53	6.73	5.150087378
980	2.22	1.18	17.57	2.514120124
981	2.39	1.17	7.55	2.661014844
982	2.46	1.13	7.02	2.707120241
983	2.58	0.99	22.18	2.763421792
984	3.31	3.89	11.5	5.107660913
985	2.3	1.66	19.27	2.836476688
986	2.47	1.65	18.46	2.970420846
987	2.07	2.72	8.65	3.418084259
988	2.32	3.36	15.63	4.08313605
989	2.1	3.07	2.68	3.71952954
990	2.04	3.65	5.73	4.181399287
991	2.69	3.58	13.88	4.478001787
992	1.86	2.5	17.09	3.116023106
993	2.04	2.69	23.02	3.376047985
994	2.24	2.3	14.62	3.210545125
995	2.69	3.58	13.88	4.478001787
996	3.1	3	13.76	4.313930922
997	1.27	0.74	10.95	1.469863939
998	1.31	0.69	7.33	1.480607983
999	1.72	0.7	1.72	1.856986807
1000	1.62	0.74	7.96	1.781010949
1001	2.28	0.78	13.26	2.409730275
1002	3.58	3.18	13.28	4.788402656
1003	1.97	0.84	8.44	2.141611543
1004	3.47	3.09	16.64	4.646396453
1005	2.25	0.83	8.47	2.398207664
1006	3.06	3.11	15.26	4.362992093
1007	1.97	0.85	15.89	2.145553542
1008	2.86	1	16.52	3.029785471
1009	2.56	0.87	36.47	2.703793631
1010	1.16	0.76	18.32	1.386794866
1011	1.72	0.7	1.72	1.856986807
1012	1.62	0.74	7.96	1.781010949
1013	2.28	0.78	13.26	2.409730275
1014	1.97	0.84	8.44	2.141611543
1015	2.25	0.83	8.47	2.398207664
1016	1.97	0.85	15.89	2.145553542
1017	2.86	1	16.52	3.029785471
1018	2.56	0.87	36.47	2.703793631
1019	1.33	0.63	16.11	1.471665723
1020	1.44	0.66	5.26	1.584045454
1021	1.29	0.69	17.91	1.462942241
1022	1.25	0.76	25.47	1.462908063
1023	1.26	0.74	25.14	1.461232357
1024	1.11	0.67	27.82	1.296533841
1025	2.44	0.8	5.96	2.567800615
1026	1.34	0.76	23.45	1.540519393
1027	3.31	3.24	27.37	4.6318139
1028	1.11	0.84	11.11	1.392012931
1029	3.96	3.15	29.8	5.060049407
1030	1.21	0.73	29.69	1.413152504
1031	3.58	3.18	13.28	4.788402656
1032	2.25	0.8	18.02	2.387990787
1033	1.32	0.75	22.46	1.518189711
1034	2.08	0.86	17.49	2.250777643
1035	3.47	3.09	16.64	4.646396453
1036	2.25	0.83	8.47	2.398207664
1037	1.54	0.74	18.57	1.708566651
1038	3.06	3.11	15.26	4.362992093
1039	1.97	0.85	15.89	2.145553542
1040	2.86	1	16.52	3.029785471
1041	2.1	0.86	9.4	2.269273011
1042	2.18	0.8	4.23	2.322154172
1043	2.56	0.87	36.47	2.703793631
1044	1.78	0.94	7.81	2.012958022
1045	2.03	0.97	10.45	2.249844439
1046	1.48	0.78	10.88	1.672961446
1047	1.32	0.75	22.46	1.518189711
1048	1.54	0.74	18.57	1.708566651
1049	2.1	0.86	9.4	2.269273011
1050	2.18	0.8	4.23	2.322154172
1051	1.78	0.94	7.81	2.012958022
1052	2.03	0.97	10.45	2.249844439
1053	1.61	0.72	5.88	1.763660965
1054	1.54	0.74	18.57	1.708566651
1055	2.1	0.86	9.4	2.269273011
1056	2.18	0.8	4.23	2.322154172
1057	1.78	0.94	7.81	2.012958022
1058	2.03	0.97	10.45	2.249844439
1059	1.69	0.83	13.74	1.882817038
1060	1.62	0.83	14.84	1.820247236
1061	2.1	0.86	9.4	2.269273011
1062	2.18	0.8	4.23	2.322154172
1063	1.78	0.94	7.81	2.012958022
1064	2.03	0.97	10.45	2.249844439
1065	3.32	1.9	14.92	3.825232019
1066	3.35	1.91	24.1	3.856241694
1067	3.53	3.56	7.35	5.013431958
1068	2.6	3.96	15.85	4.73725659
1069	3.88	3.83	22.53	5.451907923
1070	3.29	3.96	17.41	5.148368674
1071	3.53	3.56	7.35	5.013431958
1072	2.6	3.96	15.85	4.73725659
1073	3.88	3.83	22.53	5.451907923
1074	3.29	3.96	17.41	5.148368674
1075	2.04	0.76	10.46	2.176970372
1076	2.02	0.86	8.59	2.19544984
1077	2.74	3	5.9	4.06295459
1078	1.97	0.85	4.6	2.145553542
1079	2.73	2.34	9.55	3.595622338
1080	1.77	0.84	4.76	1.959209024
1081	3.4	1.74	11.66	3.819371676
1082	1.49	0.88	8.89	1.730462366
1083	3.25	2.3	4.84	3.98151981
1084	1.81	0.84	6.69	1.995419755
1085	3.06	2.87	7.19	4.195294984
1086	1.82	0.88	2.64	2.021583538
1087	3.52	1.89	7.83	3.99530975
1088	3.55	1.94	22.85	4.045503677
1089	2.34	1.02	3.09	2.552645686
1090	2.99	2.12	17.48	3.665310355
1091	2.81	1.09	13.83	3.014000664
1092	2.91	2.15	12.92	3.618093421
1093	1.98	1	10.42	2.218197466
1094	3.45	2.4	7.47	4.202677718
1095	3.31	0.83	12.11	3.412477106
1096	3.85	2.16	15.59	4.414532818
1097	2.8	1.17	9.62	3.034616945
1098	3.65	1.96	7.1	4.142957881
1099	2.76	0.97	14.5	2.925491412
1100	3.19	2.4	6.48	3.992004509
1101	2.71	1.32	9.47	3.014382192
1102	3.39	2.18	3.73	4.030446625
1103	1.67	0.94	17.93	1.91637679
1104	3.74	2.19	10.34	4.334016613
1105	2.58	0.95	16.11	2.749345377
1106	3.28	1.02	12.95	3.434938136
1107	2.71	2.41	12.33	3.6265962
1108	2.77	0.97	10.3	2.934927597
1109	3.16	3.3	22.16	4.568982381
1110	2.65	1.14	1.53	2.884805019
1111	2.15	0.93	18.15	2.342520011
1112	2.34	1.02	3.09	2.552645686
1113	2.81	1.09	13.83	3.014000664
1114	1.98	1	10.42	2.218197466
1115	3.31	0.83	12.11	3.412477106
1116	2.8	1.17	9.62	3.034616945
1117	2.76	0.97	14.5	2.925491412
1118	2.71	1.32	9.47	3.014382192
1119	1.67	0.94	17.93	1.91637679
1120	2.58	0.95	16.11	2.749345377
1121	3.28	1.02	12.95	3.434938136
1122	2.77	0.97	10.3	2.934927597
1123	2.65	1.14	1.53	2.884805019
1124	3.23	2.52	8.29	4.096742608
1125	3.33	2.49	5.67	4.158004329
1126	3.41	2.5	11.4	4.228250229
1127	3.39	2.5	5.6	4.212137225
1128	3.1	2.53	5.15	4.001362268
1129	3.23	2.55	15.82	4.115264269
1130	3.2	2.47	10.15	4.042387908
1131	3.43	2.46	8.59	4.220959607
1132	3.14	2.51	2.66	4.019912934
1133	3.19	2.45	4.87	4.022263045
1134	3.29	2.47	5.42	4.114000486
1135	3.44	2.5	16.58	4.252481628
1136	3.19	2.52	3.62	4.065279818
1137	3.12	2.59	4.91	4.054935265
1138	3.16	3.69	6.55	4.858158087
1139	3.29	2.48	14.96	4.120012136
1140	3.21	2.61	3.51	4.137172948
1141	3.2	2.47	11	4.042387908
1142	3.23	2.55	5.16	4.115264269
1143	3.13	2.43	4.38	3.962549684
1144	2.65	4.48	13.87	5.205084053
1145	2.94	4.29	4.99	5.200740332
1146	2.65	4.29	2.62	5.042479549
1147	1.83	3.68	16.04	4.109902675
1148	3.16	4.59	9.08	5.572584679
1149	3.77	4.22	6.41	5.658736608
1150	3.44	3.63	8.75	5.00104989
1151	4.1	3.63	15	5.476029584
1152	4.01	4.14	8.62	5.763653355
1153	3.87	4.07	9.94	5.616208686
1154	2.62	2.11	16.72	3.364000595
1155	3.11	2.38	9.37	3.916184367
1156	2.58	1.96	5.76	3.240061728
1157	3.14	2	9.29	3.722848372
1158	3.84	2.01	14.16	4.33424734
1159	3.48	3	9.61	4.594605533
1160	4	2.28	14.27	4.604172021
1161	3.75	1.94	17.74	4.222096636
1162	3.37	2.44	2.18	4.160588901
1163	3.21	2.61	5.09	4.137172948
1164	4.23	4.03	8.28	5.842413885
1165	3.55	3.2	9.94	4.779382805
1166	3.69	3.19	1.32	4.877724879
1167	3.69	3.45	16	5.051593808
1168	3.56	3.3	18.79	4.854235264
1169	3.58	3.27	16.14	4.848638984
1170	3.65	3.2	11.48	4.85412196
1171	3.73	3.18	9.93	4.901560976
1172	3.82	3.29	6.92	5.041477958
1173	3.73	3.22	15.96	4.92760591
1174	3.76	3.37	15.42	5.049207859
1175	3.75	3.21	8.5	4.93625364
1176	3.65	3.25	27.54	4.887228253
1177	3.61	3.29	21.79	4.884280909
1178	3.65	3.44	27.58	5.015585709
1179	3.62	3.35	24.74	4.932230733
1180	3.63	3.29	17.91	4.899081547
1181	3.57	3.35	17.88	4.895651131
1182	3.6	3.14	11.9	4.776986498
1183	3.54	2.35	10.71	4.24901165
1184	3.83	2.46	12.76	4.551977592
1185	3.75	1.94	17.74	4.222096636
1186	3.37	2.44	2.18	4.160588901
1187	3.21	2.61	5.09	4.137172948
1188	4.23	4.03	8.28	5.842413885
1189	3.07	2.61	14.56	4.0295161
1190	3.32	2.4	12.61	4.096632764
1191	3.4	2.11	13.73	4.001512214
1192	3	1.83	12.66	3.514100169
1193	3.37	2.44	2.18	4.160588901
1194	3.21	2.61	5.09	4.137172948
1195	4.23	4.03	8.28	5.842413885
1196	2.42	3.1	23.59	3.932734418
1197	1.96	3.54	12.14	4.046381099
1198	4.45	1.2	8.08	4.608958668
1199	3.43	1.37	3.12	3.693480743
1200	4.18	1.48	6.02	4.434275589
1201	2.15	1.99	5.34	2.929607482
1202	2.23	1.63	6.82	2.762209261
1203	2.48	1.55	13.51	2.924534151
1204	4.31	1.43	18.82	4.541035124
1205	2.64	1.29	8.35	2.938315844
1206	2.35	1.57	7.17	2.826198861
1207	2.85	1.48	9.11	3.211370424
1208	2.38	1.41	7.62	2.766315239
1209	3.02	1.29	15.37	3.283976248
1210	2.48	1.33	15.62	2.814125086
1211	2.15	1.36	20.71	2.544032233
1212	2.82	1.37	5.26	3.135171447
1213	3.69	1.27	2.68	3.902435137
1214	1.71	0.88	20.71	1.92314846
1215	1.92	0.9	17.53	2.120471646
1216	2.27	0.9	1.8	2.441904994
1217	1.81	0.87	7.61	2.008233054
1218	2.03	0.88	2.23	2.212532486
1219	2.18	0.82	8.23	2.329120005
1220	1.76	0.9	2.4	1.976765034
1221	2.4	0.94	16.62	2.577518186
1222	2.59	0.93	18.77	2.751908429
1223	2.6	0.96	21.43	2.771569952
1224	2.71	0.99	17.55	2.885168973
1225	2.71	1.02	16.59	2.895600111
1226	2.15	1.02	15.86	2.379684853
1227	2.63	0.96	21.1	2.79973213
1228	3	1	27.52	3.16227766
1229	2.28	0.9	19.96	2.451203786
1230	2.11	0.88	12.92	2.286153976
1231	2.27	0.9	1.8	2.441904994
1232	1.81	0.87	7.61	2.008233054
1233	2.03	0.88	2.23	2.212532486
1234	2.18	0.82	8.23	2.329120005
1235	1.76	0.9	2.4	1.976765034
1236	2.4	0.94	16.62	2.577518186
1237	2.59	0.93	18.77	2.751908429
1238	2.6	0.96	21.43	2.771569952
1239	2.71	0.99	17.55	2.885168973
1240	2.71	1.02	16.59	2.895600111
1241	2.15	1.02	15.86	2.379684853
1242	2.63	0.96	21.1	2.79973213
1243	3	1	27.52	3.16227766
1244	2.74	1.88	18.83	3.322950496
1245	2.15	1.74	3.14	2.765881415
1246	2.04	1.55	7.7	2.56204996
1247	2.27	1.59	14.44	2.771461708
1248	2.97	1.54	18.75	3.345519392
1249	3.26	1.57	18.13	3.61835598
1250	2.89	1.92	19.54	3.469654161
1251	3.44	1.48	35.7	3.744863148
1252	2.63	1.72	26.54	3.142499006
1253	2.33	2.05	16.87	3.103449693
1254	2.31	1.54	22.76	2.776274482
1255	2.95	1.99	28.04	3.558454721
1256	3.31	1.69	21.86	3.716476826
1257	3.32	1.96	13.54	3.855385843
1258	2.49	2.16	7.6	3.296316126
1259	3.05	2.64	9.45	4.03386911
1260	3.36	2.26	2.91	4.049345626
1261	3.32	1.96	13.54	3.855385843
