21.49
8.17
8.28
15.93
11.64
14.33
9.19
12.34
2.82
15.69
16.05
15.53
18.58
10.19
9.31
9.89
12.37
25.14
23.77
11.82
5.78
7.46
11.94
4.92
11.68
8.92
15.18
15.02
9.75
6.57
13.39
8.83
10.05
9.06
1.33
10.21
28.34
28.67
5.36
6.74
7.17
24.83
2.87
8.88
8.57
8.14
11.37
11.8
7.95
3.68
20.01
2.39
2.87
8.88
8.57
8.14
11.37
11.8
7.95
3.68
20.01
10.61
6.13
16.39
7.95
3.68
20.01
9.88
21.02
6.13
16.39
7.95
3.68
20.01
6.68
8.7
12.95
9.06
17.03
23.79
9.44
18.88
18.46
16.85
4.78
10.08
11.99
8.64
10.15
11.3
16.64
11.84
13.15
3.56
13.58
6.32
7.52
17
17.61
7.74
6.58
7.34
8.01
2.85
12.87
9.69
7.43
4.92
8.79
6.3
2.65
10.69
4.23
3.35
18.18
1.48
5.62
10
3.59
9.9
24.3
23.55
16.38
6.1
12.14
9.03
12.16
6.83
15.89
31.04
22.61
16.46
11.46
18.72
0.47
11.34
4.3
8.19
7.41
16.12
10.92
8.16
14.92
10.2
16.29
5.39
11.83
7.16
4.85
9.94
8.85
12.78
9.64
16.29
5.39
11.83
7.16
4.85
9.94
8.85
12.78
1.71
4.72
5.23
11.56
7.39
11.19
10.71
17.87
6.45
11.7
16.9
5.54
16.62
2.68
12.84
12.46
10.52
8.28
12.16
12.72
7.16
6.61
3.79
3.54
12.1
2.52
4.16
24.42
3.54
12.1
2.52
4.16
11.78
10.28
12.72
4.93
11.95
16.53
6.67
6.61
1.8
11.19
7.88
3.99
5.99
5.08
4.87
7.26
4.32
5.12
1.6
9.41
14.84
13.14
19.21
9.41
14.84
13.14
14.6
17.67
25.4
7.14
6.78
12.75
24.85
19.64
12.54
21.68
29.06
24.23
24.67
12.53
3.69
8.01
9.42
8.74
10.08
6.89
13.4
11.27
4.68
8.42
6.93
12.33
18.18
15.27
8.99
10.1
9.33
7.64
14.15
1.3
2.93
13.5
15.21
5.04
3.85
7.03
6.14
9.69
14.57
24.74
22.29
25.38
13.47
25.32
22
31.43
20.25
21.76
12.85
23.32
13.59
19.93
16.6
21.9
13.91
24.5
4.99
16.14
14.77
23.37
21.92
16.63
24.35
28.33
22.48
33.36
11.33
17.63
26.98
16.96
23.81
18.93
16.6
6.55
21.9
8.65
13.91
18.59
24.5
9.55
15.9
4.99
16.14
14.77
21.92
24.35
33.36
10.61
4.99
16.14
14.77
21.92
24.35
33.36
7.73
14.67
16.1
11.73
9.57
17.16
11.08
6.12
12.24
10.62
26.74
9.57
17.16
11.08
6.12
12.24
10.62
7.13
4.96
13.01
5.05
9.25
23.3
29.74
23.54
21.6
17.26
7.63
2.34
12.37
7.12
12.7
12.44
13.64
10.88
19.95
16.95
20.71
21.9
40.02
23.99
31.98
25.19
12.37
7.12
12.7
12.44
4.38
12.03
13.2
10.56
15.02
11.79
9.33
9.54
13.12
11.38
18.21
14.6
18.45
11.68
12.71
15.38
4.78
2.45
16.91
10.69
9.23
11.38
23.45
18.32
21
14.83
23.9
9.64
16.96
8.96
14.97
8.01
17.35
5.9
12.39
15.54
15.25
8.25
19.2
11.36
4.74
20.92
6.27
6.99
6.35
11.9
15.8
20.21
25.5
15.98
8.64
13.09
20.5
10.27
4.25
6.9
10.41
7.27
11.34
7.22
1.15
8.8
15.51
3.35
14.52
5.89
20.31
8.05
12.16
3.57
18.16
31.29
23.94
40.64
13.42
10.27
22.84
4.25
19.94
6.9
17.16
10.41
18.09
7.27
9.49
15.65
18.81
15.51
14.52
17.55
20.31
12.16
24.03
31.29
25.05
40.64
15.25
6.9
10.41
7.27
11.51
5.17
3.73
13.9
13.87
13.65
31.12
7.25
29
26.21
20.21
25.5
15.98
8.64
13.09
18.27
11.44
11.83
16.71
18.76
14.38
8.67
12.81
12.5
5.89
4.07
8.05
6.98
3.57
11.56
18.16
8.16
23.94
10.38
13.42
11.47
22.84
19.94
17.16
18.09
23.99
9.49
15.65
12.71
4.83
17.92
20.98
16.86
12.81
15.28
24.15
23.3
25.34
29.21
18.16
17.92
3.57
20.98
14.71
15.12
16.18
24.04
6.48
21.62
13.73
23.98
20.47
23.04
16.18
24.04
6.48
21.62
13.73
23.98
20.47
11.63
18.67
15.14
19.09
26.9
5.15
22.17
16.13
12.29
24
6.32
11.96
16.33
6.63
9.55
14.13
6.68
12.35
7.38
13.32
12.94
13.31
23.42
34.21
19.21
6.22
15.59
19.09
10.88
24.53
26.23
27.83
28.68
12.18
7.66
12.64
14.62
2.9
15.42
4.57
17.72
1.51
18.44
14.41
12.98
19.81
15.82
19.79
22.01
21.07
15.82
8.89
7.3
21.83
13.21
18.11
8.6
0.54
12.17
9.24
16.36
6.12
11.67
14.23
3.81
5.99
11.23
12.67
9.41
17.89
7.39
15.71
10.01
13.1
5.21
12.34
19.08
14.71
28.48
16.82
12.5
8.76
7.49
10.67
16.63
8.2
6.59
15.83
20.66
20.95
15.98
11.44
20.26
14.43
24.33
12.17
2.79
7.81
8.84
8.6
9.24
6.12
3.81
12.67
7.39
10.01
12.34
14.71
28.48
8.76
16.63
15.83
20.95
4.64
11.26
7.73
11.2
8.89
1.55
4.7
9.75
10.43
20.19
12.89
7.96
6.48
10.46
2.01
9.9
5.25
11.2
11.36
8.89
6.93
1.55
2.58
4.7
15.68
9.75
14.97
10.43
14.4
18.8
20.19
25.53
11.6
11.62
12.2
10.24
10.31
8.82
7.01
5.3
11.22
4.39
7.7
4.78
9.42
3.65
7.73
7.46
4.83
4.8
17.71
19.76
26.47
9.39
10.3
18.2
15.24
13.91
10.68
13.93
19.78
26.09
16.69
24.7
21.13
15.12
18.18
26.21
7.72
4.51
8.51
14.6
14.26
11.69
9.43
11.93
11.41
16.82
10.18
21.38
14.25
12.79
4.91
11.72
13.78
15.71
20.36
15.24
6.75
27.65
22.21
18.33
18.27
20.13
28.07
7.72
4.51
8.51
14.6
12.74
5.68
5.78
5.49
17.07
1.09
21.68
18.11
8.1
9.78
5.45
2.9
8.43
6.84
6.22
31.22
23.83
32.25
19.41
25.13
15.18
18.39
21.68
18.11
9.78
5.45
8.43
31.22
23.83
32.25
19.41
25.13
12.13
9.21
9.74
6.28
8.85
6.55
7.37
3.2
6.67
7.67
3.17
2.98
14.84
9.74
16.47
22.32
12.42
14.6
37.2
21.92
20.38
8.03
6.04
15.81
17.23
8.59
24.95
20.25
17.02
23.65
14.43
18.86
11.29
13.17
11.08
25.3
15.1
23.61
18.27
14.94
20
21
30.14
21.88
21.99
17.01
18.88
7.16
9.45
23.33
20.87
14.13
11.92
16.34
18.69
16.74
15.07
13.44
8.79
24.8
19.96
6.2
8.17
16.88
16.3
19.67
11.05
18.08
20.92
9.73
15.51
9.99
17.08
32.22
13.34
5.47
8.8
5.17
11.15
6.54
11.55
10.12
12.49
15.84
25.41
19.92
7.01
17.2
16.78
29.04
12.85
25.78
12.34
15.56
8.69
6.62
6.35
10.18
9.65
5.24
6.69
3.48
19.73
10.54
8.3
9.02
4.84
10.56
15.87
18.46
5.46
8.65
3.52
15.63
2.68
9.86
5.73
8.9
17.09
3.71
23.02
7.89
7.59
14.62
13.72
17.59
11.73
3.96
3.18
14.19
10.98
7.36
8.24
9.02
4.25
4.84
26.93
10.58
15.87
4.96
5.46
9.93
3.52
5.08
9.86
11.79
8.9
12.49
3.71
17.57
7.89
7.55
7.59
7.02
13.72
22.18
17.59
11.46
8.3
10.56
18.46
8.65
14.35
15.63
13.99
2.68
9.86
5.73
8.9
17.09
3.71
23.02
7.89
7.59
14.62
13.72
17.59
14.35
20.93
9.89
6.55
12.68
10.46
4.47
8.87
2.6
7.14
13.51
12.81
18.53
23.39
13.31
21.87
11.79
12.49
6.73
17.57
7.55
7.02
22.18
11.5
19.27
18.46
8.65
15.63
2.68
5.73
13.88
17.09
23.02
14.62
13.88
13.76
10.95
7.33
1.72
7.96
13.26
13.28
8.44
16.64
8.47
15.26
15.89
16.52
36.47
18.32
1.72
7.96
13.26
8.44
8.47
15.89
16.52
36.47
16.11
5.26
17.91
25.47
25.14
27.82
5.96
23.45
27.37
11.11
29.8
29.69
13.28
18.02
22.46
17.49
16.64
8.47
18.57
15.26
15.89
16.52
9.4
4.23
36.47
7.81
10.45
10.88
22.46
18.57
9.4
4.23
7.81
10.45
5.88
18.57
9.4
4.23
7.81
10.45
13.74
14.84
9.4
4.23
7.81
10.45
14.92
24.1
7.35
15.85
22.53
17.41
7.35
15.85
22.53
17.41
10.46
8.59
5.9
4.6
9.55
4.76
11.66
8.89
4.84
6.69
7.19
2.64
7.83
22.85
3.09
17.48
13.83
12.92
10.42
7.47
12.11
15.59
9.62
7.1
14.5
6.48
9.47
3.73
17.93
10.34
16.11
12.95
12.33
10.3
22.16
1.53
18.15
3.09
13.83
10.42
12.11
9.62
14.5
9.47
17.93
16.11
12.95
10.3
1.53
8.29
5.67
11.4
5.6
5.15
15.82
10.15
8.59
2.66
4.87
5.42
16.58
3.62
4.91
6.55
14.96
3.51
11
5.16
4.38
13.87
4.99
2.62
16.04
9.08
6.41
8.75
15
8.62
9.94
16.72
9.37
5.76
9.29
14.16
9.61
14.27
17.74
2.18
5.09
8.28
9.94
1.32
16
18.79
16.14
11.48
9.93
6.92
15.96
15.42
8.5
27.54
21.79
27.58
24.74
17.91
17.88
11.9
10.71
12.76
17.74
2.18
5.09
8.28
14.56
12.61
13.73
12.66
2.18
5.09
8.28
23.59
12.14
8.08
3.12
6.02
5.34
6.82
13.51
18.82
8.35
7.17
9.11
7.62
15.37
15.62
20.71
5.26
2.68
20.71
17.53
1.8
7.61
2.23
8.23
2.4
16.62
18.77
21.43
17.55
16.59
15.86
21.1
27.52
19.96
12.92
1.8
7.61
2.23
8.23
2.4
16.62
18.77
21.43
17.55
16.59
15.86
21.1
27.52
18.83
3.14
7.7
14.44
18.75
18.13
19.54
35.7
26.54
16.87
22.76
28.04
21.86
13.54
7.6
9.45
2.91
13.54
